angle radius accuracy
-20.0000 0.5000 20.0000
-19.3220 0.5000 26.8301
-18.6441 0.5000 33.6212
-17.9661 0.5000 40.3344
-17.2881 0.5000 46.9308
-16.6102 0.5000 53.3712
-15.9322 0.5000 59.6168
-15.2542 0.5000 65.6287
-14.5763 0.5000 71.3678
-13.8983 0.5000 76.7952
-13.2203 0.5000 81.8719
-12.5424 0.5000 86.5589
-11.8644 0.5000 90.8174
-11.1864 0.5000 94.6083
-10.5085 0.5000 97.8926
-9.8305 0.5000 100.6285
-9.1525 0.5000 102.7397
-8.4746 0.5000 104.2560
-7.7966 0.5000 105.2436
-7.1186 0.5000 105.7686
-6.4407 0.5000 105.8973
-5.7627 0.5000 105.6958
-5.0847 0.5000 105.2302
-4.4068 0.5000 104.5667
-3.7288 0.5000 103.7715
-3.0508 0.5000 102.9107
-2.3729 0.5000 102.0505
-1.6949 0.5000 101.2571
-1.0169 0.5000 100.5967
-0.3390 0.5000 100.1353
0.3390 0.5000 99.9367
1.0169 0.5000 100.0063
1.6949 0.5000 100.2915
2.3729 0.5000 100.7370
3.0508 0.5000 101.2876
3.7288 0.5000 101.8883
4.4068 0.5000 102.4837
5.0847 0.5000 103.0186
5.7627 0.5000 103.4379
6.4407 0.5000 103.6864
7.1186 0.5000 103.7089
7.7966 0.5000 103.4502
8.4746 0.5000 102.8550
9.1525 0.5000 101.8683
9.8305 0.5000 100.4347
10.5085 0.5000 98.5588
11.1864 0.5000 96.3707
11.8644 0.5000 93.8980
12.5424 0.5000 91.1627
13.2203 0.5000 88.1867
13.8983 0.5000 84.9918
14.5763 0.5000 81.5999
15.2542 0.5000 78.0329
15.9322 0.5000 74.3127
16.6102 0.5000 70.4612
17.2881 0.5000 66.5003
17.9661 0.5000 62.4518
18.6441 0.5000 58.3377
19.3220 0.5000 54.1798
20.0000 0.5000 50.0000
-20.0000 0.6026 17.4047
-19.3220 0.6026 24.4543
-18.6441 0.6026 31.5708
-17.9661 0.6026 38.5969
-17.2881 0.6026 45.4766
-16.6102 0.6026 52.1710
-15.9322 0.6026 58.6411
-15.2542 0.6026 64.8479
-14.5763 0.6026 70.7526
-13.8983 0.6026 76.3160
-13.2203 0.6026 81.4993
-12.5424 0.6026 86.2634
-11.8644 0.6026 90.5704
-11.1864 0.6026 94.3969
-10.5085 0.6026 97.8161
-9.8305 0.6026 100.6739
-9.1525 0.6026 102.7086
-8.4746 0.6026 104.5109
-7.7966 0.6026 105.7500
-7.1186 0.6026 106.4754
-6.4407 0.6026 106.7543
-5.7627 0.6026 106.6530
-5.0847 0.6026 106.2376
-4.4068 0.6026 105.5743
-3.7288 0.6026 104.7291
-3.0508 0.6026 103.7684
-2.3729 0.6026 102.7582
-1.6949 0.6026 101.7648
-1.0169 0.6026 100.8542
-0.3390 0.6026 100.1964
0.3390 0.6026 100.0009
1.0169 0.6026 100.2414
1.6949 0.6026 100.7380
2.3729 0.6026 101.3531
3.0508 0.6026 102.0317
3.7288 0.6026 102.7185
4.4068 0.6026 103.3582
5.0847 0.6026 103.8958
5.7627 0.6026 104.2761
6.4407 0.6026 104.4437
7.1186 0.6026 104.3436
7.7966 0.6026 103.9205
8.4746 0.6026 103.1170
9.1525 0.6026 101.8890
9.8305 0.6026 100.5110
10.5085 0.6026 98.4485
11.1864 0.6026 95.9357
11.8644 0.6026 93.1962
12.5424 0.6026 90.1974
13.2203 0.6026 86.9423
13.8983 0.6026 83.4517
14.5763 0.6026 79.7477
15.2542 0.6026 75.8519
15.9322 0.6026 71.7865
16.6102 0.6026 67.5731
17.2881 0.6026 63.2338
17.9661 0.6026 58.7903
18.6441 0.6026 54.2647
19.3220 0.6026 49.6887
20.0000 0.6026 45.1532
-20.0000 0.7051 14.8441
-19.3220 0.7051 22.0477
-18.6441 0.7051 29.3338
-17.9661 0.7051 36.6073
-17.2881 0.7051 43.7499
-16.6102 0.7051 50.6778
-15.9322 0.7051 57.3519
-15.2542 0.7051 63.7333
-14.5763 0.7051 69.7830
-13.8983 0.7051 75.4626
-13.2203 0.7051 80.7420
-12.5424 0.7051 85.5848
-11.8644 0.7051 89.9667
-11.1864 0.7051 94.1056
-10.5085 0.7051 97.8412
-9.8305 0.7051 100.7294
-9.1525 0.7051 102.7010
-8.4746 0.7051 104.0373
-7.7966 0.7051 105.4074
-7.1186 0.7051 106.4163
-6.4407 0.7051 106.8989
-5.7627 0.7051 106.9382
-5.0847 0.7051 106.6120
-4.4068 0.7051 105.9878
-3.7288 0.7051 105.1318
-3.0508 0.7051 104.1101
-2.3729 0.7051 102.9889
-1.6949 0.7051 101.8498
-1.0169 0.7051 100.8753
-0.3390 0.7051 100.2256
0.3390 0.7051 100.0394
1.0169 0.7051 100.2889
1.6949 0.7051 100.8500
2.3729 0.7051 101.5926
3.0508 0.7051 102.3690
3.7288 0.7051 103.1118
4.4068 0.7051 103.7660
5.0847 0.7051 104.2761
5.7627 0.7051 104.5872
6.4407 0.7051 104.6420
7.1186 0.7051 104.3733
7.7966 0.7051 103.7108
8.4746 0.7051 102.7974
9.1525 0.7051 101.9630
9.8305 0.7051 100.5960
10.5085 0.7051 98.4558
11.1864 0.7051 95.6229
11.8644 0.7051 92.4570
12.5424 0.7051 89.1361
13.2203 0.7051 85.5741
13.8983 0.7051 81.7806
14.5763 0.7051 77.7693
15.2542 0.7051 73.5505
15.9322 0.7051 69.1453
16.6102 0.7051 64.5757
17.2881 0.7051 59.8636
17.9661 0.7051 55.0308
18.6441 0.7051 50.1255
19.3220 0.7051 45.2153
20.0000 0.7051 40.3539
-20.0000 0.8077 12.3529
-19.3220 0.8077 19.7219
-18.6441 0.8077 27.1761
-17.9661 0.8077 34.6201
-17.2881 0.8077 41.9588
-16.6102 0.8077 49.0963
-15.9322 0.8077 55.9541
-15.2542 0.8077 62.4915
-14.5763 0.8077 68.6696
-13.8983 0.8077 74.4488
-13.2203 0.8077 79.7897
-12.5424 0.8077 84.7792
-11.8644 0.8077 89.6046
-11.1864 0.8077 94.0993
-10.5085 0.8077 97.8619
-9.8305 0.8077 100.7805
-9.1525 0.8077 102.8067
-8.4746 0.8077 104.0068
-7.7966 0.8077 104.7772
-7.1186 0.8077 105.5958
-6.4407 0.8077 106.4128
-5.7627 0.8077 106.7218
-5.0847 0.8077 106.5696
-4.4068 0.8077 106.0389
-3.7288 0.8077 105.2126
-3.0508 0.8077 104.1690
-2.3729 0.8077 103.0021
-1.6949 0.8077 101.8593
-1.0169 0.8077 100.8917
-0.3390 0.8077 100.2503
0.3390 0.8077 100.0732
1.0169 0.8077 100.3317
1.6949 0.8077 100.9013
2.3729 0.8077 101.6592
3.0508 0.8077 102.4825
3.7288 0.8077 103.2514
4.4068 0.8077 103.8883
5.0847 0.8077 104.3266
5.7627 0.8077 104.4959
6.4407 0.8077 104.3261
7.1186 0.8077 103.7783
7.7966 0.8077 103.2903
8.4746 0.8077 102.8898
9.1525 0.8077 102.1363
9.8305 0.8077 100.6738
10.5085 0.8077 98.4558
11.1864 0.8077 95.5434
11.8644 0.8077 92.0216
12.5424 0.8077 88.2187
13.2203 0.8077 84.2888
13.8983 0.8077 80.1749
14.5763 0.8077 75.8345
15.2542 0.8077 71.2841
15.9322 0.8077 66.5406
16.6102 0.8077 61.6202
17.2881 0.8077 56.5429
17.9661 0.8077 51.3531
18.6441 0.8077 46.1050
19.3220 0.8077 40.8525
20.0000 0.8077 35.6496
-20.0000 0.9103 9.9658
-19.3220 0.9103 17.5117
-18.6441 0.9103 25.1454
-17.9661 0.9103 32.7715
-17.2881 0.9103 40.2948
-16.6102 0.9103 47.6089
-15.9322 0.9103 54.6058
-15.2542 0.9103 61.2417
-14.5763 0.9103 67.4770
-13.8983 0.9103 73.2923
-13.2203 0.9103 78.9378
-12.5424 0.9103 84.4055
-11.8644 0.9103 89.5623
-11.1864 0.9103 94.0997
-10.5085 0.9103 97.8742
-9.8305 0.9103 100.8231
-9.1525 0.9103 102.9040
-8.4746 0.9103 104.1854
-7.7966 0.9103 104.7697
-7.1186 0.9103 105.0661
-6.4407 0.9103 105.3772
-5.7627 0.9103 105.8638
-5.0847 0.9103 106.0740
-4.4068 0.9103 105.8049
-3.7288 0.9103 105.1394
-3.0508 0.9103 104.1603
-2.3729 0.9103 102.9991
-1.6949 0.9103 101.8619
-1.0169 0.9103 100.9012
-0.3390 0.9103 100.2680
0.3390 0.9103 100.1002
1.0169 0.9103 100.3676
1.6949 0.9103 100.9457
2.3729 0.9103 101.7115
3.0508 0.9103 102.5413
3.7288 0.9103 103.2663
4.4068 0.9103 103.7771
5.0847 0.9103 104.0033
5.7627 0.9103 103.8745
6.4407 0.9103 103.5703
7.1186 0.9103 103.4770
7.7966 0.9103 103.4373
8.4746 0.9103 103.1673
9.1525 0.9103 102.2973
9.8305 0.9103 100.7392
10.5085 0.9103 98.4435
11.1864 0.9103 95.4637
11.8644 0.9103 91.8448
12.5424 0.9103 87.6969
13.2203 0.9103 83.2781
13.8983 0.9103 78.7132
14.5763 0.9103 74.0545
15.2542 0.9103 69.1845
15.9322 0.9103 64.1096
16.6102 0.9103 58.8464
17.2881 0.9103 53.4137
17.9661 0.9103 47.8648
18.6441 0.9103 42.2582
19.3220 0.9103 36.6478
20.0000 0.9103 31.0876
-20.0000 1.0128 7.7175
-19.3220 1.0128 15.4518
-18.6441 1.0128 23.2764
-17.9661 1.0128 31.0961
-17.2881 1.0128 38.8036
-16.6102 1.0128 46.2163
-15.9322 1.0128 53.2662
-15.2542 1.0128 59.9139
-14.5763 1.0128 66.2680
-13.8983 1.0128 72.5348
-13.2203 1.0128 78.6006
-12.5424 1.0128 84.3429
-11.8644 1.0128 89.5567
-11.1864 1.0128 94.0878
-10.5085 1.0128 97.8743
-9.8305 1.0128 100.8535
-9.1525 1.0128 102.9890
-8.4746 1.0128 104.3517
-7.7966 1.0128 105.0328
-7.1186 1.0128 105.1537
-6.4407 1.0128 105.0418
-5.7627 1.0128 104.9109
-5.0847 1.0128 104.9399
-4.4068 1.0128 105.0796
-3.7288 1.0128 104.7684
-3.0508 1.0128 104.0428
-2.3729 1.0128 102.9868
-1.6949 1.0128 101.8553
-1.0169 1.0128 100.9015
-0.3390 1.0128 100.2765
0.3390 1.0128 100.1180
1.0169 1.0128 100.3943
1.6949 1.0128 100.9809
2.3729 1.0128 101.7547
3.0508 1.0128 102.5093
3.7288 1.0128 103.0348
4.4068 1.0128 103.2601
5.0847 1.0128 103.1557
5.7627 1.0128 103.2148
6.4407 1.0128 103.4669
7.1186 1.0128 103.7384
7.7966 1.0128 103.8249
8.4746 1.0128 103.4275
9.1525 1.0128 102.4409
9.8305 1.0128 100.7872
10.5085 1.0128 98.4139
11.1864 1.0128 95.3668
11.8644 1.0128 91.6904
12.5424 1.0128 87.4282
13.2203 1.0128 82.7010
13.8983 1.0128 77.6875
14.5763 1.0128 72.5037
15.2542 1.0128 67.2612
15.9322 1.0128 61.8792
16.6102 1.0128 56.2972
17.2881 1.0128 50.5318
17.9661 1.0128 44.6135
18.6441 1.0128 38.6327
19.3220 1.0128 32.6487
20.0000 1.0128 26.7156
-20.0000 1.1154 5.6427
-19.3220 1.1154 13.5769
-18.6441 1.1154 21.6039
-17.9661 1.1154 29.6254
-17.2881 1.1154 37.4101
-16.6102 1.1154 44.8304
-15.9322 1.1154 51.8723
-15.2542 1.1154 58.8187
-14.5763 1.1154 65.6627
-13.8983 1.1154 72.2822
-13.2203 1.1154 78.5550
-12.5424 1.1154 84.3455
-11.8644 1.1154 89.5349
-11.1864 1.1154 94.0597
-10.5085 1.1154 97.8582
-9.8305 1.1154 100.8678
-9.1525 1.1154 103.0579
-8.4746 1.1154 104.5018
-7.7966 1.1154 105.2909
-7.1186 1.1154 105.5164
-6.4407 1.1154 105.2969
-5.7627 1.1154 104.8422
-5.0847 1.1154 104.3347
-4.4068 1.1154 103.9535
-3.7288 1.1154 103.8630
-3.0508 1.1154 103.5844
-2.3729 1.1154 102.8734
-1.6949 1.1154 101.8372
-1.0169 1.1154 100.8903
-0.3390 1.1154 100.2735
0.3390 1.1154 100.1242
1.0169 1.1154 100.4095
1.6949 1.1154 101.0045
2.3729 1.1154 101.7130
3.0508 1.1154 102.1957
3.7288 1.1154 102.3624
4.4068 1.1154 102.4321
5.0847 1.1154 102.8212
5.7627 1.1154 103.3692
6.4407 1.1154 103.9026
7.1186 1.1154 104.2448
7.7966 1.1154 104.2002
8.4746 1.1154 103.6653
9.1525 1.1154 102.5622
9.8305 1.1154 100.8130
10.5085 1.1154 98.3620
11.1864 1.1154 95.2474
11.8644 1.1154 91.5138
12.5424 1.1154 87.2041
13.2203 1.1154 82.3629
13.8983 1.1154 77.0863
14.5763 1.1154 71.4992
15.2542 1.1154 65.7177
15.9322 1.1154 59.8578
16.6102 1.1154 53.9668
17.2881 1.1154 47.8952
17.9661 1.1154 41.6451
18.6441 1.1154 35.2759
19.3220 1.1154 28.9027
20.0000 1.1154 22.5809
-20.0000 1.2179 3.7762
-19.3220 1.2179 11.9216
-18.6441 1.2179 20.1625
-17.9661 1.2179 28.2745
-17.2881 1.2179 36.0212
-16.6102 1.2179 43.5343
-15.9322 1.2179 51.0370
-15.2542 1.2179 58.4138
-14.5763 1.2179 65.5428
-13.8983 1.2179 72.2979
-13.2203 1.2179 78.5779
-12.5424 1.2179 84.3280
-11.8644 1.2179 89.4930
-11.1864 1.2179 94.0116
-10.5085 1.2179 97.8219
-9.8305 1.2179 100.8619
-9.1525 1.2179 103.1066
-8.4746 1.2179 104.6319
-7.7966 1.2179 105.5289
-7.1186 1.2179 105.8890
-6.4407 1.2179 105.7987
-5.7627 1.2179 105.3364
-5.0847 1.2179 104.6050
-4.4068 1.2179 103.7865
-3.7288 1.2179 103.0606
-3.0508 1.2179 102.6065
-2.3729 1.2179 102.3770
-1.6949 1.2179 101.7553
-1.0169 1.2179 100.8653
-0.3390 1.2179 100.2566
0.3390 1.2179 100.1166
1.0169 1.2179 100.4109
1.6949 1.2179 100.9736
2.3729 1.2179 101.3557
3.0508 1.2179 101.4579
3.7288 1.2179 101.8290
4.4068 1.2179 102.4987
5.0847 1.2179 103.2933
5.7627 1.2179 104.0386
6.4407 1.2179 104.5575
7.1186 1.2179 104.7512
7.7966 1.2179 104.5481
8.4746 1.2179 103.8757
9.1525 1.2179 102.6561
9.8305 1.2179 100.8113
10.5085 1.2179 98.2826
11.1864 1.2179 95.1007
11.8644 1.2179 91.3097
12.5424 1.2179 86.9527
13.2203 1.2179 82.0716
13.8983 1.2179 76.7059
14.5763 1.2179 70.9050
15.2542 1.2179 64.7655
15.9322 1.2179 58.4074
16.6102 1.2179 51.9468
17.2881 1.2179 45.4959
17.9661 1.2179 38.9521
18.6441 1.2179 32.2353
19.3220 1.2179 25.4572
20.0000 1.2179 18.7310
-20.0000 1.3205 2.1525
-19.3220 1.3205 10.5208
-18.6441 1.3205 18.8965
-17.9661 1.3205 26.9585
-17.2881 1.3205 35.0003
-16.6102 1.3205 43.0150
-15.9322 1.3205 50.8608
-15.2542 1.3205 58.3929
-14.5763 1.3205 65.5539
-13.8983 1.3205 72.2907
-13.2203 1.3205 78.5505
-12.5424 1.3205 84.2803
-11.8644 1.3205 89.4270
-11.1864 1.3205 93.9395
-10.5085 1.3205 97.7618
-9.8305 1.3205 100.8321
-9.1525 1.3205 103.1314
-8.4746 1.3205 104.7379
-7.7966 1.3205 105.7406
-7.1186 1.3205 106.2158
-6.4407 1.3205 106.2409
-5.7627 1.3205 105.8940
-5.0847 1.3205 105.2531
-4.4068 1.3205 104.3961
-3.7288 1.3205 103.4012
-3.0508 1.3205 102.3989
-2.3729 1.3205 101.6319
-1.6949 1.3205 101.2706
-1.0169 1.3205 100.8128
-0.3390 1.3205 100.2237
0.3390 1.3205 100.0929
1.0169 1.3205 100.3870
1.6949 1.3205 100.6107
2.3729 1.3205 100.8195
3.0508 1.3205 101.4560
3.7288 1.3205 102.3541
4.4068 1.3205 103.2760
5.0847 1.3205 104.0950
5.7627 1.3205 104.7369
6.4407 1.3205 105.1277
7.1186 1.3205 105.1933
7.7966 1.3205 104.8594
8.4746 1.3205 104.0538
9.1525 1.3205 102.7176
9.8305 1.3205 100.7773
10.5085 1.3205 98.1709
11.1864 1.3205 94.9217
11.8644 1.3205 91.0731
12.5424 1.3205 86.6540
13.2203 1.3205 81.7012
13.8983 1.3205 76.2631
14.5763 1.3205 70.3877
15.2542 1.3205 64.1233
15.9322 1.3205 57.5182
16.6102 1.3205 50.6251
17.2881 1.3205 43.5849
17.9661 1.3205 36.5343
18.6441 1.3205 29.5163
19.3220 1.3205 22.3596
20.0000 1.3205 15.2134
-20.0000 1.4231 0.8065
-19.3220 1.4231 9.3634
-18.6441 1.4231 17.8299
-17.9661 1.4231 26.3248
-17.2881 1.4231 34.6666
-16.6102 1.4231 42.7962
-15.9322 1.4231 50.6606
-15.2542 1.4231 58.2069
-14.5763 1.4231 65.3820
-13.8983 1.4231 72.1331
-13.2203 1.4231 78.4071
-12.5424 1.4231 84.1511
-11.8644 1.4231 89.3120
-11.1864 1.4231 93.8369
-10.5085 1.4231 97.6737
-9.8305 1.4231 100.7744
-9.1525 1.4231 103.1282
-8.4746 1.4231 104.8028
-7.7966 1.4231 105.8713
-7.1186 1.4231 106.4116
-6.4407 1.4231 106.5019
-5.7627 1.4231 106.2202
-5.0847 1.4231 105.6444
-4.4068 1.4231 104.8526
-3.7288 1.4231 103.9228
-3.0508 1.4231 102.9331
-2.3729 1.4231 101.9614
-1.6949 1.4231 101.0859
-1.0169 1.4231 100.4609
-0.3390 1.4231 100.1723
0.3390 1.4231 100.0508
1.0169 1.4231 100.1213
1.6949 1.4231 100.5637
2.3729 1.4231 101.2763
3.0508 1.4231 102.1083
3.7288 1.4231 102.9856
4.4068 1.4231 103.8341
5.0847 1.4231 104.5797
5.7627 1.4231 105.1483
6.4407 1.4231 105.4657
7.1186 1.4231 105.4579
7.7966 1.4231 105.0506
8.4746 1.4231 104.1699
9.1525 1.4231 102.7415
9.8305 1.4231 100.7058
10.5085 1.4231 98.0218
11.1864 1.4231 94.6970
11.8644 1.4231 90.7456
12.5424 1.4231 86.2123
13.2203 1.4231 81.1454
13.8983 1.4231 75.5931
14.5763 1.4231 69.6036
15.2542 1.4231 63.2251
15.9322 1.4231 56.5058
16.6102 1.4231 49.4940
17.2881 1.4231 42.2378
17.9661 1.4231 34.7854
18.6441 1.4231 27.1913
19.3220 1.4231 19.6362
20.0000 1.4231 12.0756
-20.0000 1.5256 -0.2275
-19.3220 1.5256 8.4601
-18.6441 1.5256 17.1156
-17.9661 1.5256 25.6650
-17.2881 1.5256 34.0551
-16.6102 1.5256 42.2331
-15.9322 1.5256 50.1458
-15.2542 1.5256 57.7405
-14.5763 1.5256 64.9640
-13.8983 1.5256 71.7635
-13.2203 1.5256 78.0858
-12.5424 1.5256 83.8781
-11.8644 1.5256 89.0875
-11.1864 1.5256 93.6608
-10.5085 1.5256 97.5451
-9.8305 1.5256 100.6821
-9.1525 1.5256 103.0559
-8.4746 1.5256 104.7456
-7.7966 1.5256 105.8291
-7.1186 1.5256 106.3845
-6.4407 1.5256 106.4898
-5.7627 1.5256 106.2230
-5.0847 1.5256 105.6623
-4.4068 1.5256 104.8855
-3.7288 1.5256 103.9708
-3.0508 1.5256 102.9961
-2.3729 1.5256 102.0394
-1.6949 1.5256 101.1789
-1.0169 1.5256 100.4925
-0.3390 1.5256 100.0677
0.3390 1.5256 99.9651
1.0169 1.5256 100.1883
1.6949 1.5256 100.6883
2.3729 1.5256 101.3818
3.0508 1.5256 102.1947
3.7288 1.5256 103.0530
4.4068 1.5256 103.8824
5.0847 1.5256 104.6090
5.7627 1.5256 105.1585
6.4407 1.5256 105.4569
7.1186 1.5256 105.4299
7.7966 1.5256 105.0036
8.4746 1.5256 104.1038
9.1525 1.5256 102.6564
9.8305 1.5256 100.5870
10.5085 1.5256 97.8032
11.1864 1.5256 94.3268
11.8644 1.5256 90.2204
12.5424 1.5256 85.5322
13.2203 1.5256 80.3103
13.8983 1.5256 74.6031
14.5763 1.5256 68.4587
15.2542 1.5256 61.9252
15.9322 1.5256 55.0510
16.6102 1.5256 47.8843
17.2881 1.5256 40.4731
17.9661 1.5256 32.8658
18.6441 1.5256 25.1106
19.3220 1.5256 17.2556
20.0000 1.5256 9.3647
-20.0000 1.6282 -0.9400
-19.3220 1.6282 7.7810
-18.6441 1.6282 16.3264
-17.9661 1.6282 24.7358
-17.2881 1.6282 33.1599
-16.6102 1.6282 41.4146
-15.9322 1.6282 49.4042
-15.2542 1.6282 57.0756
-14.5763 1.6282 64.3760
-13.8983 1.6282 71.2522
-13.2203 1.6282 77.6514
-12.5424 1.6282 83.5205
-11.8644 1.6282 88.8066
-11.1864 1.6282 93.4565
-10.5085 1.6282 97.3997
-9.8305 1.6282 100.5560
-9.1525 1.6282 102.9172
-8.4746 1.6282 104.5762
-7.7966 1.6282 105.6274
-7.1186 1.6282 106.1505
-6.4407 1.6282 106.2235
-5.7627 1.6282 105.9244
-5.0847 1.6282 105.3314
-4.4068 1.6282 104.5223
-3.7288 1.6282 103.5752
-3.0508 1.6282 102.5682
-2.3729 1.6282 101.5871
-1.6949 1.6282 100.8762
-1.0169 1.6282 100.5598
-0.3390 1.6282 99.9977
0.3390 1.6282 99.9568
1.0169 1.6282 100.2997
1.6949 1.6282 100.4382
2.3729 1.6282 100.9853
3.0508 1.6282 101.8164
3.7288 1.6282 102.7002
4.4068 1.6282 103.5552
5.0847 1.6282 104.3072
5.7627 1.6282 104.8823
6.4407 1.6282 105.2062
7.1186 1.6282 105.2048
7.7966 1.6282 104.8040
8.4746 1.6282 103.9297
9.1525 1.6282 102.5035
9.8305 1.6282 100.4236
10.5085 1.6282 97.5848
11.1864 1.6282 93.9750
11.8644 1.6282 89.6936
12.5424 1.6282 84.8299
13.2203 1.6282 79.4325
13.8983 1.6282 73.5498
14.5763 1.6282 67.2299
15.2542 1.6282 60.5209
15.9322 1.6282 53.4712
16.6102 1.6282 46.1290
17.2881 1.6282 38.5423
17.9661 1.6282 30.7947
18.6441 1.6282 23.0436
19.3220 1.6282 15.1551
20.0000 1.6282 7.0985
-20.0000 1.7308 -1.3695
-19.3220 1.7308 7.2900
-18.6441 1.7308 16.0622
-17.9661 1.7308 24.5187
-17.2881 1.7308 32.5606
-16.6102 1.7308 40.5894
-15.9322 1.7308 48.5397
-15.2542 1.7308 56.2880
-14.5763 1.7308 63.6913
-13.8983 1.7308 70.6704
-13.2203 1.7308 77.1725
-12.5424 1.7308 83.1445
-11.8644 1.7308 88.5304
-11.1864 1.7308 93.2557
-10.5085 1.7308 97.2432
-9.8305 1.7308 100.4171
-9.1525 1.7308 102.7650
-8.4746 1.7308 104.3785
-7.7966 1.7308 105.3581
-7.1186 1.7308 105.8027
-6.4407 1.7308 105.7972
-5.7627 1.7308 105.4197
-5.0847 1.7308 104.7481
-4.4068 1.7308 103.8655
-3.7288 1.7308 102.9533
-3.0508 1.7308 102.2096
-2.3729 1.7308 101.8156
-1.6949 1.7308 101.4217
-1.0169 1.7308 100.4993
-0.3390 1.7308 99.8618
0.3390 1.7308 99.8986
1.0169 1.7308 100.4420
1.6949 1.7308 101.0947
2.3729 1.7308 101.2877
3.0508 1.7308 101.5523
3.7288 1.7308 102.1779
4.4068 1.7308 102.9916
5.0847 1.7308 103.8052
5.7627 1.7308 104.4464
6.4407 1.7308 104.8364
7.1186 1.7308 104.9012
7.7966 1.7308 104.5664
8.4746 1.7308 103.7463
9.1525 1.7308 102.3392
9.8305 1.7308 100.2433
10.5085 1.7308 97.3544
11.1864 1.7308 93.6610
11.8644 1.7308 89.2480
12.5424 1.7308 84.2038
13.2203 1.7308 78.6186
13.8983 1.7308 72.5481
14.5763 1.7308 66.0404
15.2542 1.7308 59.1436
15.9322 1.7308 51.9276
16.6102 1.7308 44.5167
17.2881 1.7308 37.0201
17.9661 1.7308 29.4982
18.6441 1.7308 21.5958
19.3220 1.7308 13.3679
20.0000 1.7308 5.2403
-20.0000 1.8333 -1.5600
-19.3220 1.8333 7.0517
-18.6441 1.8333 15.7749
-17.9661 1.8333 24.4802
-17.2881 1.8333 32.8002
-16.6102 1.8333 40.5947
-15.9322 1.8333 48.1615
-15.2542 1.8333 55.6763
-14.5763 1.8333 63.0166
-13.8983 1.8333 70.0602
-13.2203 1.8333 76.6845
-12.5424 1.8333 82.7792
-11.8644 1.8333 88.2631
-11.1864 1.8333 93.0594
-10.5085 1.8333 97.0913
-9.8305 1.8333 100.2827
-9.1525 1.8333 102.6174
-8.4746 1.8333 104.1854
-7.7966 1.8333 105.0872
-7.1186 1.8333 105.4234
-6.4407 1.8333 105.2950
-5.7627 1.8333 104.8329
-5.0847 1.8333 104.2145
-4.4068 1.8333 103.6209
-3.7288 1.8333 103.2336
-3.0508 1.8333 103.1185
-2.3729 1.8333 102.4894
-1.6949 1.8333 101.3545
-1.0169 1.8333 100.2609
-0.3390 1.8333 99.7291
0.3390 1.8333 99.8437
1.0169 1.8333 100.4549
1.6949 1.8333 101.3876
2.3729 1.8333 102.2037
3.0508 1.8333 102.5603
3.7288 1.8333 102.5553
4.4068 1.8333 102.8544
5.0847 1.8333 103.3794
5.7627 1.8333 103.9575
6.4407 1.8333 104.4159
7.1186 1.8333 104.5855
7.7966 1.8333 104.3376
8.4746 1.8333 103.5702
9.1525 1.8333 102.1814
9.8305 1.8333 100.0695
10.5085 1.8333 97.1305
11.1864 1.8333 93.3535
11.8644 1.8333 88.8235
12.5424 1.8333 83.6275
13.2203 1.8333 77.8526
13.8983 1.8333 71.5878
14.5763 1.8333 64.9361
15.2542 1.8333 58.0061
15.9322 1.8333 50.9062
16.6102 1.8333 43.7451
17.2881 1.8333 36.3813
17.9661 1.8333 28.5353
18.6441 1.8333 20.2795
19.3220 1.8333 11.9592
20.0000 1.8333 3.7472
-20.0000 1.9359 -1.5552
-19.3220 1.9359 7.0231
-18.6441 1.9359 15.6901
-17.9661 1.9359 24.3716
-17.2881 1.9359 32.9117
-16.6102 1.9359 41.0438
-15.9322 1.9359 48.6575
-15.2542 1.9359 55.7641
-14.5763 1.9359 62.7792
-13.8983 1.9359 69.6465
-13.2203 1.9359 76.2435
-12.5424 1.9359 82.4364
-11.8644 1.9359 88.0179
-11.1864 1.9359 92.8852
-10.5085 1.9359 96.9614
-9.8305 1.9359 100.1703
-9.1525 1.9359 102.4918
-8.4746 1.9359 104.0143
-7.7966 1.9359 104.8384
-7.1186 1.9359 105.0652
-6.4407 1.9359 104.9235
-5.7627 1.9359 104.6632
-5.0847 1.9359 104.4656
-4.4068 1.9359 104.5119
-3.7288 1.9359 104.4061
-3.0508 1.9359 103.6084
-2.3729 1.9359 102.3526
-1.6949 1.9359 100.9948
-1.0169 1.9359 100.0375
-0.3390 1.9359 99.6115
0.3390 1.9359 99.8039
1.0169 1.9359 100.4827
1.6949 1.9359 101.4764
2.3729 1.9359 102.6110
3.0508 1.9359 103.4887
3.7288 1.9359 103.9267
4.4068 1.9359 103.8457
5.0847 1.9359 103.7369
5.7627 1.9359 103.8916
6.4407 1.9359 104.1369
7.1186 1.9359 104.3003
7.7966 1.9359 104.1387
8.4746 1.9359 103.4239
9.1525 1.9359 102.0534
9.8305 1.9359 99.9255
10.5085 1.9359 96.9364
11.1864 1.9359 93.0759
11.8644 1.9359 88.4289
12.5424 1.9359 83.0824
13.2203 1.9359 77.1504
13.8983 1.9359 70.8433
14.5763 1.9359 64.2822
15.2542 1.9359 57.5756
15.9322 1.9359 50.7793
16.6102 1.9359 43.5504
17.2881 1.9359 35.8348
17.9661 1.9359 27.6733
18.6441 1.9359 19.2934
19.3220 1.9359 10.8872
20.0000 1.9359 2.5768
-20.0000 2.0385 -1.3991
-19.3220 2.0385 7.1604
-18.6441 2.0385 15.7857
-17.9661 2.0385 24.4026
-17.2881 2.0385 32.9369
-16.6102 2.0385 41.2337
-15.9322 2.0385 49.1261
-15.2542 2.0385 56.5100
-14.5763 2.0385 63.2823
-13.8983 2.0385 69.7338
-13.2203 2.0385 76.0639
-12.5424 2.0385 82.1502
-11.8644 2.0385 87.8122
-11.1864 2.0385 92.7504
-10.5085 2.0385 96.8710
-9.8305 2.0385 100.0974
-9.1525 2.0385 102.4058
-8.4746 2.0385 103.8828
-7.7966 2.0385 104.6290
-7.1186 2.0385 104.8894
-6.4407 2.0385 105.0645
-5.7627 2.0385 105.3400
-5.0847 2.0385 105.7637
-4.4068 2.0385 105.5177
-3.7288 2.0385 104.6242
-3.0508 2.0385 103.3203
-2.3729 2.0385 101.8717
-1.6949 2.0385 100.6612
-1.0169 2.0385 99.8406
-0.3390 2.0385 99.5205
0.3390 2.0385 99.7906
1.0169 2.0385 100.5371
1.6949 2.0385 101.5914
2.3729 2.0385 102.7945
3.0508 2.0385 103.9599
3.7288 2.0385 104.8118
4.4068 2.0385 105.2440
5.0847 2.0385 105.1745
5.7627 2.0385 104.6770
6.4407 2.0385 104.3797
7.1186 2.0385 104.2108
7.7966 2.0385 103.9930
8.4746 2.0385 103.3309
9.1525 2.0385 101.9788
9.8305 2.0385 99.8349
10.5085 2.0385 96.7957
11.1864 2.0385 92.8516
11.8644 2.0385 88.0876
12.5424 2.0385 82.6087
13.2203 2.0385 76.7284
13.8983 2.0385 70.6184
14.5763 2.0385 64.3872
15.2542 2.0385 57.8885
15.9322 2.0385 50.8665
16.6102 2.0385 43.3551
17.2881 2.0385 35.3894
17.9661 2.0385 27.0830
18.6441 2.0385 18.6155
19.3220 2.0385 10.1092
20.0000 2.0385 1.6864
-20.0000 2.1410 -1.1355
-19.3220 2.1410 7.4196
-18.6441 2.1410 16.0178
-17.9661 2.1410 24.5847
-17.2881 2.1410 33.0462
-16.6102 2.1410 41.3270
-15.9322 2.1410 49.3229
-15.2542 2.1410 56.9242
-14.5763 2.1410 64.0265
-13.8983 2.1410 70.5258
-13.2203 2.1410 76.4251
-12.5424 2.1410 82.1540
-11.8644 2.1410 87.6657
-11.1864 2.1410 92.6727
-10.5085 2.1410 96.8376
-9.8305 2.1410 100.0815
-9.1525 2.1410 102.3767
-8.4746 2.1410 103.8082
-7.7966 2.1410 104.5832
-7.1186 2.1410 105.2709
-6.4407 2.1410 106.0968
-5.7627 2.1410 106.6157
-5.0847 2.1410 106.2988
-4.4068 2.1410 105.3822
-3.7288 2.1410 104.1030
-3.0508 2.1410 102.6997
-2.3729 2.1410 101.4085
-1.6949 2.1410 100.3658
-1.0169 2.1410 99.6821
-0.3390 2.1410 99.4677
0.3390 2.1410 99.8156
1.0169 2.1410 100.6297
1.6949 2.1410 101.7447
2.3729 2.1410 103.0013
3.0508 2.1410 104.2404
3.7288 2.1410 105.2962
4.4068 2.1410 106.0352
5.0847 2.1410 106.3744
5.7627 2.1410 106.2317
6.4407 2.1410 105.5262
7.1186 2.1410 104.6954
7.7966 2.1410 104.0306
8.4746 2.1410 103.3146
9.1525 2.1410 101.9808
9.8305 2.1410 99.8209
10.5085 2.1410 96.7316
11.1864 2.1410 92.7040
11.8644 2.1410 87.8253
12.5424 2.1410 82.4539
13.2203 2.1410 76.8771
13.8983 2.1410 71.1463
14.5763 2.1410 64.9319
15.2542 2.1410 58.1905
15.9322 2.1410 50.9573
16.6102 2.1410 43.2671
17.2881 2.1410 35.1680
17.9661 2.1410 26.7723
18.6441 2.1410 18.2031
19.3220 2.1410 9.5827
20.0000 2.1410 1.0332
-20.0000 2.2436 -0.8083
-19.3220 2.2436 7.7570
-18.6441 2.2436 16.3424
-17.9661 2.2436 24.8738
-17.2881 2.2436 33.2769
-16.6102 2.2436 41.4783
-15.9322 2.2436 49.4221
-15.2542 2.2436 57.0567
-14.5763 2.2436 64.3147
-13.8983 2.2436 71.0840
-13.2203 2.2436 77.2598
-12.5424 2.2436 82.7385
-11.8644 2.2436 87.8021
-11.1864 2.2436 92.6693
-10.5085 2.2436 96.8786
-9.8305 2.2436 100.1400
-9.1525 2.2436 102.4220
-8.4746 2.2436 103.8577
-7.7966 2.2436 105.1353
-7.1186 2.2436 106.4354
-6.4407 2.2436 106.9098
-5.7627 2.2436 106.5949
-5.0847 2.2436 105.7280
-4.4068 2.2436 104.5613
-3.7288 2.2436 103.3136
-3.0508 2.2436 102.0913
-2.3729 2.2436 100.9951
-1.6949 2.2436 100.1203
-1.0169 2.2436 99.5734
-0.3390 2.2436 99.4648
0.3390 2.2436 99.8904
1.0169 2.2436 100.7723
1.6949 2.2436 101.9478
2.3729 2.2436 103.2579
3.0508 2.2436 104.5327
3.7288 2.2436 105.6297
4.4068 2.2436 106.4809
5.0847 2.2436 107.0210
5.7627 2.2436 107.1798
6.4407 2.2436 106.8766
7.1186 2.2436 106.0296
7.7966 2.2436 104.6904
8.4746 2.2436 103.4481
9.1525 2.2436 102.0829
9.8305 2.2436 99.9070
10.5085 2.2436 96.7676
11.1864 2.2436 92.6564
11.8644 2.2436 87.8821
12.5424 2.2436 82.9206
13.2203 2.2436 77.6275
13.8983 2.2436 71.7703
14.5763 2.2436 65.3836
15.2542 2.2436 58.5021
15.9322 2.2436 51.1520
16.6102 2.2436 43.3694
17.2881 2.2436 35.1962
17.9661 2.2436 26.6985
18.6441 2.2436 18.0136
19.3220 2.2436 9.2649
20.0000 2.2436 0.5747
-20.0000 2.3462 -0.4614
-19.3220 2.3462 8.1285
-18.6441 2.3462 16.7158
-17.9661 2.3462 25.2223
-17.2881 2.3462 33.5751
-16.6102 2.3462 41.7218
-15.9322 2.3462 49.6109
-15.2542 2.3462 57.1909
-14.5763 2.3462 64.4102
-13.8983 2.3462 71.2173
-13.2203 2.3462 77.5608
-12.5424 2.3462 83.3600
-11.8644 2.3462 88.4729
-11.1864 2.3462 92.8932
-10.5085 2.3462 97.0115
-9.8305 2.3462 100.2905
-9.1525 2.3462 102.5656
-8.4746 2.3462 104.5103
-7.7966 2.3462 105.9903
-7.1186 2.3462 106.4917
-6.4407 2.3462 106.2996
-5.7627 2.3462 105.7188
-5.0847 2.3462 104.8601
-4.4068 2.3462 103.8246
-3.7288 2.3462 102.7135
-3.0508 2.3462 101.6278
-2.3729 2.3462 100.6686
-1.6949 2.3462 99.9371
-1.0169 2.3462 99.5262
-0.3390 2.3462 99.5234
0.3390 2.3462 100.0268
1.0169 2.3462 100.9764
1.6949 2.3462 102.2087
2.3729 2.3462 103.4918
3.0508 2.3462 104.7088
3.7288 2.3462 105.7946
4.4068 2.3462 106.6839
5.0847 2.3462 107.3115
5.7627 2.3462 107.6121
6.4407 2.3462 107.5205
7.1186 2.3462 106.9716
7.7966 2.3462 105.8967
8.4746 2.3462 104.2162
9.1525 2.3462 102.3149
9.8305 2.3462 100.1166
10.5085 2.3462 96.9272
11.1864 2.3462 92.8753
11.8644 2.3462 88.5501
12.5424 2.3462 83.6910
13.2203 2.3462 78.2640
13.8983 2.3462 72.2806
14.5763 2.3462 65.7706
15.2542 2.3462 58.7758
15.9322 2.3462 51.3381
16.6102 2.3462 43.4997
17.2881 2.3462 35.3024
17.9661 2.3462 26.7882
18.6441 2.3462 18.0042
19.3220 2.3462 9.1131
20.0000 2.3462 0.2681
-20.0000 2.4487 -0.1386
-19.3220 2.4487 8.4896
-18.6441 2.4487 17.0769
-17.9661 2.4487 25.5612
-17.2881 2.4487 33.8910
-16.6102 2.4487 42.0146
-15.9322 2.4487 49.8807
-15.2542 2.4487 57.4376
-14.5763 2.4487 64.6339
-13.8983 2.4487 71.4181
-13.2203 2.4487 77.7385
-12.5424 2.4487 83.5437
-11.8644 2.4487 88.7822
-11.1864 2.4487 93.4025
-10.5085 2.4487 97.3127
-9.8305 2.4487 100.5503
-9.1525 2.4487 103.0734
-8.4746 2.4487 104.6915
-7.7966 2.4487 105.6148
-7.1186 2.4487 105.9570
-6.4407 2.4487 105.8191
-5.7627 2.4487 105.3022
-5.0847 2.4487 104.5075
-4.4068 2.4487 103.5361
-3.7288 2.4487 102.4889
-3.0508 2.4487 101.4673
-2.3729 2.4487 100.5721
-1.6949 2.4487 99.9046
-1.0169 2.4487 99.5657
-0.3390 2.4487 99.6553
0.3390 2.4487 100.2364
1.0169 2.4487 101.1949
1.6949 2.4487 102.2753
2.3729 2.4487 103.4042
3.0508 2.4487 104.5165
3.7288 2.4487 105.5468
4.4068 2.4487 106.4301
5.0847 2.4487 107.1009
5.7627 2.4487 107.4941
6.4407 2.4487 107.5445
7.1186 2.4487 107.1868
7.7966 2.4487 106.3557
8.4746 2.4487 104.9860
9.1525 2.4487 103.0127
9.8305 2.4487 100.4731
10.5085 2.4487 97.2960
11.1864 2.4487 93.5474
11.8644 2.4487 89.1539
12.5424 2.4487 84.1395
13.2203 2.4487 78.5461
13.8983 2.4487 72.4158
14.5763 2.4487 65.7905
15.2542 2.4487 58.7121
15.9322 2.4487 51.2227
16.6102 2.4487 43.3642
17.2881 2.4487 35.1786
17.9661 2.4487 26.7078
18.6441 2.4487 17.9939
19.3220 2.4487 9.0787
20.0000 2.4487 0.0709
-20.0000 2.5513 0.1173
-19.3220 2.5513 8.7484
-18.6441 2.5513 17.3429
-17.9661 2.5513 25.8344
-17.2881 2.5513 34.1713
-16.6102 2.5513 42.3021
-15.9322 2.5513 50.1754
-15.2542 2.5513 57.7395
-14.5763 2.5513 64.9429
-13.8983 2.5513 71.7342
-13.2203 2.5513 78.0619
-12.5424 2.5513 83.8743
-11.8644 2.5513 89.1200
-11.1864 2.5513 93.7474
-10.5085 2.5513 97.6622
-9.8305 2.5513 100.9333
-9.1525 2.5513 103.4574
-8.4746 2.5513 105.0681
-7.7966 2.5513 105.9829
-7.1186 2.5513 106.3165
-6.4407 2.5513 106.1702
-5.7627 2.5513 105.6448
-5.0847 2.5513 104.8416
-4.4068 2.5513 103.8616
-3.7288 2.5513 102.8060
-3.0508 2.5513 101.7758
-2.3729 2.5513 100.8721
-1.6949 2.5513 100.1961
-1.0169 2.5513 99.8488
-0.3390 2.5513 99.9283
0.3390 2.5513 100.5022
1.0169 2.5513 101.2337
1.6949 2.5513 102.0652
2.3729 2.5513 102.9947
3.0508 2.5513 103.9568
3.7288 2.5513 104.8864
4.4068 2.5513 105.7182
5.0847 2.5513 106.3870
5.7627 2.5513 106.8275
6.4407 2.5513 106.9745
7.1186 2.5513 106.7627
7.7966 2.5513 106.1270
8.4746 2.5513 105.0020
9.1525 2.5513 103.3225
9.8305 2.5513 100.9949
10.5085 2.5513 97.7924
11.1864 2.5513 93.8249
11.8644 2.5513 89.2263
12.5424 2.5513 84.0385
13.2203 2.5513 78.3035
13.8983 2.5513 72.0633
14.5763 2.5513 65.3598
15.2542 2.5513 58.2350
15.9322 2.5513 50.7310
16.6102 2.5513 42.8896
17.2881 2.5513 34.7528
17.9661 2.5513 26.3627
18.6441 2.5513 17.7611
19.3220 2.5513 8.9773
20.0000 2.5513 -0.0588
-20.0000 2.6538 0.2902
-19.3220 2.6538 8.8677
-18.6441 2.6538 17.4590
-17.9661 2.6538 25.9779
-17.2881 2.6538 34.3434
-16.6102 2.6538 42.5028
-15.9322 2.6538 50.4046
-15.2542 2.6538 57.9972
-14.5763 2.6538 65.2292
-13.8983 2.6538 72.0491
-13.2203 2.6538 78.4052
-12.5424 2.6538 84.2152
-11.8644 2.6538 89.3308
-11.1864 2.6538 93.7726
-10.5085 2.6538 98.0640
-9.8305 2.6538 101.4213
-9.1525 2.6538 103.6679
-8.4746 2.6538 105.6069
-7.7966 2.6538 107.1123
-7.1186 2.6538 107.6075
-6.4407 2.6538 107.3914
-5.7627 2.6538 106.7855
-5.0847 2.6538 105.9019
-4.4068 2.6538 104.8414
-3.7288 2.6538 103.7053
-3.0508 2.6538 102.5947
-2.3729 2.6538 101.6106
-1.6949 2.6538 100.8541
-1.0169 2.6538 100.4088
-0.3390 2.6538 100.3328
0.3390 2.6538 100.7520
1.0169 2.6538 101.8084
1.6949 2.6538 102.6915
2.3729 2.6538 103.4688
3.0508 2.6538 104.2596
3.7288 2.6538 105.0364
4.4068 2.6538 105.7646
5.0847 2.6538 106.3792
5.7627 2.6538 106.8148
6.4407 2.6538 107.0063
7.1186 2.6538 106.8883
7.7966 2.6538 106.3958
8.4746 2.6538 105.4633
9.1525 2.6538 103.9431
9.8305 2.6538 101.6409
10.5085 2.6538 98.4473
11.1864 2.6538 94.4235
11.8644 2.6538 89.6799
12.5424 2.6538 84.3638
13.2203 2.6538 78.5323
13.8983 2.6538 72.2274
14.5763 2.6538 65.4909
15.2542 2.6538 58.3649
15.9322 2.6538 50.8913
16.6102 2.6538 43.1121
17.2881 2.6538 35.0601
17.9661 2.6538 26.7197
18.6441 2.6538 18.0902
19.3220 2.6538 8.9876
20.0000 2.6538 -0.1456
-20.0000 2.7564 0.3903
-19.3220 2.7564 8.9169
-18.6441 2.7564 17.4843
-17.9661 2.7564 26.0122
-17.2881 2.7564 34.4200
-16.6102 2.7564 42.6279
-15.9322 2.7564 50.5781
-15.2542 2.7564 58.2192
-14.5763 2.7564 65.4825
-13.8983 2.7564 72.2517
-13.2203 2.7564 78.4176
-12.5424 2.7564 83.8725
-11.8644 2.7564 89.0150
-11.1864 2.7564 94.1411
-10.5085 2.7564 98.5893
-9.8305 2.7564 101.9460
-9.1525 2.7564 104.2242
-8.4746 2.7564 105.5934
-7.7966 2.7564 106.8444
-7.1186 2.7564 108.1838
-6.4407 2.7564 108.6775
-5.7627 2.7564 108.3525
-5.0847 2.7564 107.4552
-4.4068 2.7564 106.2483
-3.7288 2.7564 104.9599
-3.0508 2.7564 103.6969
-2.3729 2.7564 102.5594
-1.6949 2.7564 101.6292
-1.0169 2.7564 100.9957
-0.3390 2.7564 100.7540
0.3390 2.7564 101.0244
1.0169 2.7564 101.9704
1.6949 2.7564 103.3590
2.3729 2.7564 104.4479
3.0508 2.7564 105.1583
3.7288 2.7564 105.8390
4.4068 2.7564 106.4654
5.0847 2.7564 106.9882
5.7627 2.7564 107.3657
6.4407 2.7564 107.5484
7.1186 2.7564 107.4710
7.7966 2.7564 107.0584
8.4746 2.7564 106.1621
9.1525 2.7564 104.6348
9.8305 2.7564 102.3341
10.5085 2.7564 99.1495
11.1864 2.7564 95.1391
11.8644 2.7564 90.4024
12.5424 2.7564 85.0381
13.2203 2.7564 79.1566
13.8983 2.7564 72.8333
14.5763 2.7564 66.1103
15.2542 2.7564 59.0246
15.9322 2.7564 51.5859
16.6102 2.7564 43.8094
17.2881 2.7564 35.7125
17.9661 2.7564 27.2134
18.6441 2.7564 18.1618
19.3220 2.7564 8.8822
20.0000 2.7564 -0.1958
-20.0000 2.8590 0.4293
-19.3220 2.8590 8.9087
-18.6441 2.8590 17.4559
-17.9661 2.8590 25.9908
-17.2881 2.8590 34.4329
-16.6102 2.8590 42.7008
-15.9322 2.8590 50.6821
-15.2542 2.8590 58.2618
-14.5763 2.8590 65.3312
-13.8983 2.8590 71.7822
-13.2203 2.8590 77.6481
-12.5424 2.8590 83.5160
-11.8644 2.8590 89.3274
-11.1864 2.8590 94.6789
-10.5085 2.8590 99.0852
-9.8305 2.8590 102.4415
-9.1525 2.8590 104.7587
-8.4746 2.8590 106.1474
-7.7966 2.8590 106.8376
-7.1186 2.8590 107.4802
-6.4407 2.8590 108.3225
-5.7627 2.8590 108.8775
-5.0847 2.8590 108.5608
-4.4068 2.8590 107.6170
-3.7288 2.8590 106.2925
-3.0508 2.8590 104.8345
-2.3729 2.8590 103.4794
-1.6949 2.8590 102.3498
-1.0169 2.8590 101.5409
-0.3390 2.8590 101.1481
0.3390 2.8590 101.2841
1.0169 2.8590 102.0679
1.6949 2.8590 103.4080
2.3729 2.8590 104.9639
3.0508 2.8590 106.1927
3.7288 2.8590 106.9101
4.4068 2.8590 107.4061
5.0847 2.8590 107.8292
5.7627 2.8590 108.1302
6.4407 2.8590 108.2599
7.1186 2.8590 108.1645
7.7966 2.8590 107.7325
8.4746 2.8590 106.8206
9.1525 2.8590 105.2863
9.8305 2.8590 102.9872
10.5085 2.8590 99.8114
11.1864 2.8590 95.8144
11.8644 2.8590 91.0954
12.5424 2.8590 85.7531
13.2203 2.8590 79.8860
13.8983 2.8590 73.5844
14.5763 2.8590 66.8843
15.2542 2.8590 59.8028
15.9322 2.8590 52.3575
16.6102 2.8590 44.5506
17.2881 2.8590 36.1813
17.9661 2.8590 27.2674
18.6441 2.8590 18.0084
19.3220 2.8590 8.8094
20.0000 2.8590 -0.2153
-20.0000 2.9615 0.4184
-19.3220 2.9615 8.8544
-18.6441 2.9615 17.3854
-17.9661 2.9615 25.9310
-17.2881 2.9615 34.4109
-16.6102 2.9615 42.6542
-15.9322 2.9615 50.4804
-15.2542 2.9615 57.7811
-14.5763 2.9615 64.4494
-13.8983 2.9615 70.8987
-13.2203 2.9615 77.4024
-12.5424 2.9615 83.8013
-11.8644 2.9615 89.8500
-11.1864 2.9615 95.1213
-10.5085 2.9615 99.4858
-9.8305 2.9615 102.8417
-9.1525 2.9615 105.1978
-8.4746 2.9615 106.6641
-7.7966 2.9615 107.3460
-7.1186 2.9615 107.5173
-6.4407 2.9615 107.6312
-5.7627 2.9615 107.8883
-5.0847 2.9615 108.3397
-4.4068 2.9615 108.0956
-3.7288 2.9615 107.1697
-3.0508 2.9615 105.8085
-2.3729 2.9615 104.2849
-1.6949 2.9615 102.9703
-1.0169 2.9615 102.0006
-0.3390 2.9615 101.4712
0.3390 2.9615 101.4873
1.0169 2.9615 102.1235
1.6949 2.9615 103.2806
2.3729 2.9615 104.8389
3.0508 2.9615 106.4330
3.7288 2.9615 107.7194
4.4068 2.9615 108.5058
5.0847 2.9615 108.7746
5.7627 2.9615 108.9198
6.4407 2.9615 108.9245
7.1186 2.9615 108.7392
7.7966 2.9615 108.2788
8.4746 2.9615 107.3513
9.1525 2.9615 105.8099
9.8305 2.9615 103.5123
10.5085 2.9615 100.3455
11.1864 2.9615 96.3619
11.8644 2.9615 91.6606
12.5424 2.9615 86.3402
13.2203 2.9615 80.5113
13.8983 2.9615 74.2561
14.5763 2.9615 67.5935
15.2542 2.9615 60.5409
15.9322 2.9615 53.0062
16.6102 2.9615 44.8384
17.2881 2.9615 36.1425
17.9661 2.9615 27.0531
18.6441 2.9615 17.8805
19.3220 2.9615 8.7635
20.0000 2.9615 -0.2099
-20.0000 3.0641 0.3693
-19.3220 3.0641 8.7657
-18.6441 3.0641 17.2841
-17.9661 3.0641 25.8443
-17.2881 3.0641 34.2737
-16.6102 3.0641 42.2773
-15.9322 3.0641 49.7400
-15.2542 3.0641 56.7069
-14.5763 3.0641 63.7507
-13.8983 3.0641 70.8007
-13.2203 3.0641 77.6976
-12.5424 3.0641 84.2654
-11.8644 3.0641 90.2144
-11.1864 3.0641 95.4025
-10.5085 3.0641 99.7251
-9.8305 3.0641 103.0805
-9.1525 3.0641 105.4756
-8.4746 3.0641 107.0195
-7.7966 3.0641 107.8175
-7.1186 3.0641 107.9761
-6.4407 3.0641 107.7496
-5.7627 3.0641 107.4144
-5.0847 3.0641 107.1660
-4.4068 3.0641 107.1998
-3.7288 3.0641 107.0890
-3.0508 3.0641 106.2455
-2.3729 3.0641 104.9120
-1.6949 3.0641 103.4469
-1.0169 3.0641 102.3309
-0.3390 3.0641 101.6794
0.3390 3.0641 101.5901
1.0169 3.0641 102.0931
1.6949 3.0641 103.0818
2.3729 3.0641 104.4383
3.0508 3.0641 106.0328
3.7288 3.0641 107.5765
4.4068 3.0641 108.8380
5.0847 3.0641 109.6252
5.7627 3.0641 109.7581
6.4407 3.0641 109.5509
7.1186 3.0641 109.1846
7.7966 3.0641 108.6099
8.4746 3.0641 107.6665
9.1525 3.0641 106.1181
9.8305 3.0641 103.8221
10.5085 3.0641 100.6643
11.1864 3.0641 96.6939
11.8644 3.0641 92.0103
12.5424 3.0641 86.7255
13.2203 3.0641 80.9767
13.8983 3.0641 74.7945
14.5763 3.0641 68.1779
15.2542 3.0641 60.9155
15.9322 3.0641 53.0295
16.6102 3.0641 44.6318
17.2881 3.0641 35.8361
17.9661 3.0641 26.8373
18.6441 3.0641 17.7755
19.3220 3.0641 8.7387
20.0000 3.0641 -0.1852
-20.0000 3.1667 0.2933
-19.3220 3.1667 8.6539
-18.6441 3.1667 17.1636
-17.9661 3.1667 25.6796
-17.2881 3.1667 33.7915
-16.6102 3.1667 41.3504
-15.9322 3.1667 48.7820
-15.2542 3.1667 56.3309
-14.5763 3.1667 63.8377
-13.8983 3.1667 71.1431
-13.2203 3.1667 78.0879
-12.5424 3.1667 84.5273
-11.8644 3.1667 90.3515
-11.1864 3.1667 95.4562
-10.5085 3.1667 99.7369
-9.8305 3.1667 103.0919
-9.1525 3.1667 105.5260
-8.4746 3.1667 107.1474
-7.7966 3.1667 108.0616
-7.1186 3.1667 108.3741
-6.4407 3.1667 108.1909
-5.7627 3.1667 107.6514
-5.0847 3.1667 106.9467
-4.4068 3.1667 106.2724
-3.7288 3.1667 105.8238
-3.0508 3.1667 105.6731
-2.3729 3.1667 104.9764
-1.6949 3.1667 103.7350
-1.0169 3.1667 102.4879
-0.3390 3.1667 101.7287
0.3390 3.1667 101.5485
1.0169 3.1667 101.9329
1.6949 3.1667 102.7678
2.3729 3.1667 103.9352
3.0508 3.1667 105.3172
3.7288 3.1667 106.7934
4.4068 3.1667 108.2042
5.0847 3.1667 109.3585
5.7627 3.1667 110.0642
6.4407 3.1667 110.1294
7.1186 3.1667 109.5361
7.7966 3.1667 108.7243
8.4746 3.1667 107.6788
9.1525 3.1667 106.1234
9.8305 3.1667 103.8289
10.5085 3.1667 100.6800
11.1864 3.1667 96.7230
11.8644 3.1667 92.0635
12.5424 3.1667 86.8827
13.2203 3.1667 81.2424
13.8983 3.1667 75.0396
14.5763 3.1667 68.1229
15.2542 3.1667 60.5991
15.9322 3.1667 52.5799
16.6102 3.1667 44.1772
17.2881 3.1667 35.4997
17.9661 3.1667 26.6406
18.6441 3.1667 17.6878
19.3220 3.1667 8.7292
20.0000 3.1667 -0.1471
-20.0000 3.2692 0.2020
-19.3220 3.2692 8.5306
-18.6441 3.2692 17.0108
-17.9661 3.2692 25.1618
-17.2881 3.2692 32.9062
-16.6102 3.2692 40.8016
-15.9322 3.2692 48.7660
-15.2542 3.2692 56.6386
-14.5763 3.2692 64.2325
-13.8983 3.2692 71.4490
-13.2203 3.2692 78.2248
-12.5424 3.2692 84.4967
-11.8644 3.2692 90.1951
-11.1864 3.2692 95.2164
-10.5085 3.2692 99.4553
-9.8305 3.2692 102.8098
-9.1525 3.2692 105.2829
-8.4746 3.2692 106.9818
-7.7966 3.2692 108.0122
-7.1186 3.2692 108.4782
-6.4407 3.2692 108.4669
-5.7627 3.2692 108.0554
-5.0847 3.2692 107.3206
-4.4068 3.2692 106.3451
-3.7288 3.2692 105.3244
-3.0508 3.2692 104.4731
-2.3729 3.2692 103.9866
-1.6949 3.2692 103.4945
-1.0169 3.2692 102.4276
-0.3390 3.2692 101.5754
0.3390 3.2692 101.3188
1.0169 3.2692 101.5990
1.6949 3.2692 102.2945
2.3729 3.2692 103.2873
3.0508 3.2692 104.4614
3.7288 3.2692 105.7205
4.4068 3.2692 106.9745
5.0847 3.2692 108.1337
5.7627 3.2692 109.0910
6.4407 3.2692 109.6328
7.1186 3.2692 109.5597
7.7966 3.2692 108.6891
8.4746 3.2692 107.3571
9.1525 3.2692 105.7381
9.8305 3.2692 103.4451
10.5085 3.2692 100.3052
11.1864 3.2692 96.3618
11.8644 3.2692 91.8107
12.5424 3.2692 86.7518
13.2203 3.2692 80.9638
13.8983 3.2692 74.4732
14.5763 3.2692 67.3917
15.2542 3.2692 59.8447
15.9322 3.2692 51.9242
16.6102 3.2692 43.6835
17.2881 3.2692 35.1761
17.9661 3.2692 26.4574
18.6441 3.2692 17.6116
19.3220 3.2692 8.7294
20.0000 3.2692 -0.1013
-20.0000 3.3718 0.1069
-19.3220 3.3718 8.4063
-18.6441 3.3718 16.5327
-17.9661 3.3718 24.6225
-17.2881 3.3718 32.8885
-16.6102 3.3718 41.0884
-15.9322 3.3718 49.1006
-15.2542 3.3718 56.8618
-14.5763 3.3718 64.3088
-13.8983 3.3718 71.3784
-13.2203 3.3718 78.0073
-12.5424 3.3718 84.1323
-11.8644 3.3718 89.6901
-11.1864 3.3718 94.6171
-10.5085 3.3718 98.8141
-9.8305 3.3718 102.1682
-9.1525 3.3718 104.6802
-8.4746 3.3718 106.4571
-7.7966 3.3718 107.5997
-7.1186 3.3718 108.1882
-6.4407 3.3718 108.2995
-5.7627 3.3718 108.0105
-5.0847 3.3718 107.3982
-4.4068 3.3718 106.5397
-3.7288 3.3718 105.5117
-3.0508 3.3718 104.3914
-2.3729 3.3718 103.2646
-1.6949 3.3718 102.3985
-1.0169 3.3718 101.9318
-0.3390 3.3718 101.1755
0.3390 3.3718 100.8570
1.0169 3.3718 101.0476
1.6949 3.3718 101.6166
2.3729 3.3718 102.4518
3.0508 3.3718 103.4618
3.7288 3.3718 104.5569
4.4068 3.3718 105.6469
5.0847 3.3718 106.6421
5.7627 3.3718 107.4525
6.4407 3.3718 107.9881
7.1186 3.3718 108.1592
7.7966 3.3718 107.8472
8.4746 3.3718 106.7723
9.1525 3.3718 104.8967
9.8305 3.3718 102.5833
10.5085 3.3718 99.4522
11.1864 3.3718 95.5971
11.8644 3.3718 91.0934
12.5424 3.3718 85.7953
13.2203 3.3718 79.8477
13.8983 3.3718 73.3666
14.5763 3.3718 66.4053
15.2542 3.3718 59.0171
15.9322 3.3718 51.2554
16.6102 3.3718 43.1736
17.2881 3.3718 34.8250
17.9661 3.3718 26.2629
18.6441 3.3718 17.5409
19.3220 3.3718 8.7333
20.0000 3.3718 -0.0536
-20.0000 3.4744 0.0193
-19.3220 3.4744 8.1962
-18.6441 3.4744 16.4644
-17.9661 3.4744 24.7345
-17.2881 3.4744 32.9434
-16.6102 3.4744 41.0278
-15.9322 3.4744 48.9245
-15.2542 3.4744 56.5702
-14.5763 3.4744 63.9017
-13.8983 3.4744 70.8558
-13.2203 3.4744 77.3692
-12.5424 3.4744 83.3787
-11.8644 3.4744 88.8211
-11.1864 3.4744 93.6330
-10.5085 3.4744 97.7513
-9.8305 3.4744 101.1010
-9.1525 3.4744 103.6540
-8.4746 3.4744 105.4988
-7.7966 3.4744 106.7125
-7.1186 3.4744 107.3720
-6.4407 3.4744 107.5543
-5.7627 3.4744 107.3363
-5.0847 3.4744 106.7951
-4.4068 3.4744 106.0076
-3.7288 3.4744 105.0507
-3.0508 3.4744 104.0014
-2.3729 3.4744 102.9367
-1.6949 3.4744 101.9335
-1.0169 3.4744 101.0689
-0.3390 3.4744 100.4306
0.3390 3.4744 100.1191
1.0169 3.4744 100.2277
1.6949 3.4744 100.6909
2.3729 3.4744 101.4190
3.0508 3.4744 102.3219
3.7288 3.4744 103.3098
4.4068 3.4744 104.2927
5.0847 3.4744 105.1807
5.7627 3.4744 105.8840
6.4407 3.4744 106.3125
7.1186 3.4744 106.3764
7.7966 3.4744 105.9857
8.4746 3.4744 105.0505
9.1525 3.4744 103.4810
9.8305 3.4744 101.1568
10.5085 3.4744 98.0525
11.1864 3.4744 94.1690
11.8644 3.4744 89.5919
12.5424 3.4744 84.3746
13.2203 3.4744 78.5703
13.8983 3.4744 72.2324
14.5763 3.4744 65.4144
15.2542 3.4744 58.1695
15.9322 3.4744 50.5511
16.6102 3.4744 42.6125
17.2881 3.4744 34.4072
17.9661 3.4744 25.9885
18.6441 3.4744 17.4097
19.3220 3.4744 8.7242
20.0000 3.4744 -0.0097
-20.0000 3.5769 -0.0498
-19.3220 3.5769 7.9082
-18.6441 3.5769 15.8880
-17.9661 3.5769 24.0715
-17.2881 3.5769 32.2026
-16.6102 3.5769 40.2093
-15.9322 3.5769 48.0282
-15.2542 3.5769 55.5962
-14.5763 3.5769 62.8500
-13.8983 3.5769 69.7263
-13.2203 3.5769 76.1620
-12.5424 3.5769 82.0938
-11.8644 3.5769 87.4584
-11.1864 3.5769 92.1926
-10.5085 3.5769 96.2353
-9.8305 3.5769 99.5426
-9.1525 3.5769 102.1000
-8.4746 3.5769 103.9612
-7.7966 3.5769 105.1912
-7.1186 3.5769 105.8671
-6.4407 3.5769 106.0658
-5.7627 3.5769 105.8642
-5.0847 3.5769 105.3393
-4.4068 3.5769 104.5681
-3.7288 3.5769 103.6276
-3.0508 3.5769 102.5947
-2.3729 3.5769 101.5463
-1.6949 3.5769 100.5596
-1.0169 3.5769 99.8026
-0.3390 3.5769 99.4055
0.3390 3.5769 99.0691
1.0169 3.5769 99.1338
1.6949 3.5769 99.5495
2.3729 3.5769 100.2300
3.0508 3.5769 101.0854
3.7288 3.5769 102.0257
4.4068 3.5769 102.9610
5.0847 3.5769 103.8015
5.7627 3.5769 104.4572
6.4407 3.5769 104.8381
7.1186 3.5769 104.8544
7.7966 3.5769 104.4162
8.4746 3.5769 103.4334
9.1525 3.5769 101.6664
9.8305 3.5769 99.0936
10.5085 3.5769 96.1025
11.1864 3.5769 92.4877
11.8644 3.5769 88.0567
12.5424 3.5769 82.9671
13.2203 3.5769 77.2906
13.8983 3.5769 71.0806
14.5763 3.5769 64.3903
15.2542 3.5769 57.2732
15.9322 3.5769 49.7827
16.6102 3.5769 41.9720
17.2881 3.5769 33.8945
17.9661 3.5769 25.6036
18.6441 3.5769 17.1526
19.3220 3.5769 8.5954
20.0000 3.5769 0.0251
-20.0000 3.6795 -0.0977
-19.3220 3.6795 7.6425
-18.6441 3.6795 15.3805
-17.9661 3.6795 22.8952
-17.2881 3.6795 30.5777
-16.6102 3.6795 38.4102
-15.9322 3.6795 46.1981
-15.2542 3.6795 53.7415
-14.5763 3.6795 60.9708
-13.8983 3.6795 67.8226
-13.2203 3.6795 74.2338
-12.5424 3.6795 80.1410
-11.8644 3.6795 85.4811
-11.1864 3.6795 90.1971
-10.5085 3.6795 94.2305
-9.8305 3.6795 97.5108
-9.1525 3.6795 100.0144
-8.4746 3.6795 101.8160
-7.7966 3.6795 102.9986
-7.1186 3.6795 103.6284
-6.4407 3.6795 103.7810
-5.7627 3.6795 103.5334
-5.0847 3.6795 102.9625
-4.4068 3.6795 102.1453
-3.7288 3.6795 101.1587
-3.0508 3.6795 100.1425
-2.3729 3.6795 99.3692
-1.6949 3.6795 99.0275
-1.0169 3.6795 98.6375
-0.3390 3.6795 98.0630
0.3390 3.6795 97.7220
1.0169 3.6795 97.8048
1.6949 3.6795 98.2441
2.3729 3.6795 98.9434
3.0508 3.6795 99.8173
3.7288 3.6795 100.7762
4.4068 3.6795 101.7302
5.0847 3.6795 102.5892
5.7627 3.6795 103.2635
6.4407 3.6795 103.6629
7.1186 3.6795 103.5948
7.7966 3.6795 102.8074
8.4746 3.6795 101.1498
9.1525 3.6795 98.9543
9.8305 3.6795 96.3897
10.5085 3.6795 93.4556
11.1864 3.6795 90.0912
11.8644 3.6795 86.1524
12.5424 3.6795 81.4564
13.2203 3.6795 76.0061
13.8983 3.6795 69.9214
14.5763 3.6795 63.3437
15.2542 3.6795 56.3392
15.9322 3.6795 48.9611
16.6102 3.6795 41.2630
17.2881 3.6795 33.2980
17.9661 3.6795 25.1197
18.6441 3.6795 16.7892
19.3220 3.6795 8.4030
20.0000 3.6795 0.0496
-20.0000 3.7821 -0.1268
-19.3220 3.7821 7.3624
-18.6441 3.7821 14.9151
-17.9661 3.7821 22.3699
-17.2881 3.7821 29.5508
-16.6102 3.7821 36.6411
-15.9322 3.7821 43.9213
-15.2542 3.7821 51.2346
-14.5763 3.7821 58.4158
-13.8983 3.7821 65.2940
-13.2203 3.7821 71.7346
-12.5424 3.7821 77.6717
-11.8644 3.7821 83.0431
-11.1864 3.7821 87.7794
-10.5085 3.7821 91.8094
-9.8305 3.7821 95.0626
-9.1525 3.7821 97.5122
-8.4746 3.7821 99.2316
-7.7966 3.7821 100.3077
-7.1186 3.7821 100.8272
-6.4407 3.7821 100.8710
-5.7627 3.7821 100.5146
-5.0847 3.7821 99.8647
-4.4068 3.7821 99.1213
-3.7288 3.7821 98.4817
-3.0508 3.7821 98.1425
-2.3729 3.7821 98.0777
-1.6949 3.7821 97.6802
-1.0169 3.7821 97.0147
-0.3390 3.7821 96.4377
0.3390 3.7821 96.1035
1.0169 3.7821 96.2172
1.6949 3.7821 96.7154
2.3729 3.7821 97.4954
3.0508 3.7821 98.4547
3.7288 3.7821 99.4987
4.4068 3.7821 100.5376
5.0847 3.7821 101.4307
5.7627 3.7821 101.9721
6.4407 3.7821 101.9628
7.1186 3.7821 101.2039
7.7966 3.7821 99.7419
8.4746 3.7821 97.8727
9.1525 3.7821 95.6590
9.8305 3.7821 93.1307
10.5085 3.7821 90.2504
11.1864 3.7821 86.9777
11.8644 3.7821 83.2881
12.5424 3.7821 79.0528
13.2203 3.7821 74.1677
13.8983 3.7821 68.5285
14.5763 3.7821 62.2304
15.2542 3.7821 55.3867
15.9322 3.7821 48.1119
16.6102 3.7821 40.5111
17.2881 3.7821 32.6436
17.9661 3.7821 24.5780
18.6441 3.7821 16.4017
19.3220 3.7821 8.2017
20.0000 3.7821 0.0649
-20.0000 3.8846 -0.1393
-19.3220 3.8846 7.0997
-18.6441 3.8846 14.4000
-17.9661 3.8846 21.6952
-17.2881 3.8846 28.8177
-16.6102 3.8846 35.6712
-15.9322 3.8846 42.2571
-15.2542 3.8846 48.9419
-14.5763 3.8846 55.7082
-13.8983 3.8846 62.3908
-13.2203 3.8846 68.8244
-12.5424 3.8846 74.8257
-11.8644 3.8846 80.2412
-11.1864 3.8846 84.9977
-10.5085 3.8846 89.0245
-9.8305 3.8846 92.2505
-9.1525 3.8846 94.6460
-8.4746 3.8846 96.2832
-7.7966 3.8846 97.2489
-7.1186 3.8846 97.6298
-6.4407 3.8846 97.5442
-5.7627 3.8846 97.2199
-5.0847 3.8846 96.8569
-4.4068 3.8846 96.6517
-3.7288 3.8846 96.7864
-3.0508 3.8846 96.8068
-2.3729 3.8846 96.4557
-1.6949 3.8846 95.8051
-1.0169 3.8846 95.1247
-0.3390 3.8846 94.5640
0.3390 3.8846 94.2481
1.0169 3.8846 94.4042
1.6949 3.8846 94.9727
2.3729 3.8846 95.8508
3.0508 3.8846 96.9357
3.7288 3.8846 98.0681
4.4068 3.8846 99.0174
5.0847 3.8846 99.5848
5.7627 3.8846 99.5713
6.4407 3.8846 98.8221
7.1186 3.8846 97.5886
7.7966 3.8846 95.9874
8.4746 3.8846 94.0715
9.1525 3.8846 91.8780
9.8305 3.8846 89.3860
10.5085 3.8846 86.5595
11.1864 3.8846 83.3636
11.8644 3.8846 79.8052
12.5424 3.8846 75.8454
13.2203 3.8846 71.3781
13.8983 3.8846 66.3306
14.5763 3.8846 60.5826
15.2542 3.8846 54.1583
15.9322 3.8846 47.1708
16.6102 3.8846 39.7331
17.2881 3.8846 31.9680
17.9661 3.8846 24.0275
18.6441 3.8846 16.0067
19.3220 3.8846 7.9925
20.0000 3.8846 0.0720
-20.0000 3.9872 -0.1377
-19.3220 3.9872 6.8518
-18.6441 3.9872 13.9006
-17.9661 3.9872 20.9444
-17.2881 3.9872 27.9103
-16.6102 3.9872 34.6651
-15.9322 3.9872 41.1567
-15.2542 3.9872 47.3540
-14.5763 3.9872 53.4109
-13.8983 3.9872 59.5873
-13.2203 3.9872 65.7282
-12.5424 3.9872 71.6683
-11.8644 3.9872 77.1277
-11.1864 3.9872 81.9046
-10.5085 3.9872 85.9280
-9.8305 3.9872 89.1269
-9.1525 3.9872 91.4684
-8.4746 3.9872 93.0234
-7.7966 3.9872 93.8786
-7.1186 3.9872 94.1549
-6.4407 3.9872 94.2113
-5.7627 3.9872 94.2831
-5.0847 3.9872 94.5667
-4.4068 3.9872 95.0351
-3.7288 3.9872 95.1382
-3.0508 3.9872 94.8874
-2.3729 3.9872 94.3393
-1.6949 3.9872 93.6605
-1.0169 3.9872 93.0095
-0.3390 3.9872 92.4765
0.3390 3.9872 92.1903
1.0169 3.9872 92.4003
1.6949 3.9872 93.0504
2.3729 3.9872 94.0381
3.0508 3.9872 95.1833
3.7288 3.9872 96.1259
4.4068 3.9872 96.6563
5.0847 3.9872 96.5756
5.7627 3.9872 95.8934
6.4407 3.9872 94.8318
7.1186 3.9872 93.4400
7.7966 3.9872 91.7674
8.4746 3.9872 89.8530
9.1525 3.9872 87.6807
9.8305 3.9872 85.2250
10.5085 3.9872 82.4522
11.1864 3.9872 79.3332
11.8644 3.9872 75.8749
12.5424 3.9872 72.0847
13.2203 3.9872 67.9150
13.8983 3.9872 63.2815
14.5763 3.9872 58.1123
15.2542 3.9872 52.3219
15.9322 3.9872 45.8515
16.6102 3.9872 38.8003
17.2881 3.9872 31.2815
17.9661 3.9872 23.4709
18.6441 3.9872 15.6052
19.3220 3.9872 7.7765
20.0000 3.9872 0.0719
-20.0000 4.0897 -0.1243
-19.3220 4.0897 6.6166
-18.6441 4.0897 13.4145
-17.9661 4.0897 20.2054
-17.2881 4.0897 26.9251
-16.6102 4.0897 33.5007
-15.9322 4.0897 39.8534
-15.2542 4.0897 45.9486
-14.5763 4.0897 51.7552
-13.8983 4.0897 57.2671
-13.2203 4.0897 62.8104
-12.5424 4.0897 68.3667
-11.8644 4.0897 73.7553
-11.1864 4.0897 78.5524
-10.5085 4.0897 82.5725
-9.8305 4.0897 85.7443
-9.1525 4.0897 88.0318
-8.4746 4.0897 89.5046
-7.7966 4.0897 90.2619
-7.1186 4.0897 90.7534
-6.4407 4.0897 91.3143
-5.7627 4.0897 92.1234
-5.0847 4.0897 92.7556
-4.4068 4.0897 92.9954
-3.7288 4.0897 92.8987
-3.0508 4.0897 92.5213
-2.3729 4.0897 91.9500
-1.6949 4.0897 91.3138
-1.0169 4.0897 90.7037
-0.3390 4.0897 90.2099
0.3390 4.0897 89.9648
1.0169 4.0897 90.2400
1.6949 4.0897 90.9833
2.3729 4.0897 92.0383
3.0508 4.0897 92.9112
3.7288 4.0897 93.3416
4.4068 4.0897 93.1687
5.0847 4.0897 92.5616
5.7627 4.0897 91.6134
6.4407 4.0897 90.3724
7.1186 4.0897 88.8871
7.7966 4.0897 87.1962
8.4746 4.0897 85.2877
9.1525 4.0897 83.1365
9.8305 4.0897 80.7171
10.5085 4.0897 77.9981
11.1864 4.0897 74.9559
11.8644 4.0897 71.5976
12.5424 4.0897 67.9317
13.2203 4.0897 63.9634
13.8983 4.0897 59.6490
14.5763 4.0897 54.9150
15.2542 4.0897 49.6893
15.9322 4.0897 43.8997
16.6102 4.0897 37.4634
17.2881 4.0897 30.4288
17.9661 4.0897 22.9091
18.6441 4.0897 15.1982
19.3220 4.0897 7.5547
20.0000 4.0897 0.0657
-20.0000 4.1923 -0.1015
-19.3220 4.1923 6.3915
-18.6441 4.1923 12.9395
-17.9661 4.1923 19.4782
-17.2881 4.1923 25.9436
-16.6102 4.1923 32.2711
-15.9322 4.1923 38.4079
-15.2542 4.1923 44.3239
-14.5763 4.1923 49.9882
-13.8983 4.1923 55.3695
-13.2203 4.1923 60.4367
-12.5424 4.1923 65.3165
-11.8644 4.1923 70.2451
-11.1864 4.1923 74.9937
-10.5085 4.1923 79.0105
-9.8305 4.1923 82.1552
-9.1525 4.1923 84.3887
-8.4746 4.1923 85.7792
-7.7966 4.1923 86.7603
-7.1186 4.1923 87.8647
-6.4407 4.1923 89.0660
-5.7627 4.1923 89.8713
-5.0847 4.1923 90.3015
-4.4068 4.1923 90.4128
-3.7288 4.1923 90.2608
-3.0508 4.1923 89.8981
-2.3729 4.1923 89.3818
-1.6949 4.1923 88.7997
-1.0169 4.1923 88.2419
-0.3390 4.1923 87.7986
0.3390 4.1923 87.6060
1.0169 4.1923 87.9579
1.6949 4.1923 88.7883
2.3729 4.1923 89.5285
3.0508 4.1923 89.7960
3.7288 4.1923 89.5584
4.4068 4.1923 88.9687
5.0847 4.1923 88.0752
5.7627 4.1923 86.9265
6.4407 4.1923 85.5714
7.1186 4.1923 84.0476
7.7966 4.1923 82.3474
8.4746 4.1923 80.4448
9.1525 4.1923 78.3147
9.8305 4.1923 75.9317
10.5085 4.1923 73.2664
11.1864 4.1923 70.3010
11.8644 4.1923 67.0429
12.5424 4.1923 63.5003
13.2203 4.1923 59.6816
13.8983 4.1923 55.5928
14.5763 4.1923 51.1995
15.2542 4.1923 46.4307
15.9322 4.1923 41.2143
16.6102 4.1923 35.4781
17.2881 4.1923 29.1475
17.9661 4.1923 22.2096
18.6441 4.1923 14.7868
19.3220 4.1923 7.3282
20.0000 4.1923 0.0543
-20.0000 4.2949 -0.0716
-19.3220 4.2949 6.1743
-18.6441 4.2949 12.4730
-17.9661 4.2949 18.7604
-17.2881 4.2949 24.9575
-16.6102 4.2949 31.0082
-15.9322 4.2949 36.8860
-15.2542 4.2949 42.5644
-14.5763 4.2949 48.0167
-13.8983 4.2949 53.2166
-13.2203 4.2949 58.1383
-12.5424 4.2949 62.7515
-11.8644 4.2949 67.0441
-11.1864 4.2949 71.3021
-10.5085 4.2949 75.2944
-9.8305 4.2949 78.4119
-9.1525 4.2949 80.5914
-8.4746 4.2949 82.1463
-7.7966 4.2949 83.8279
-7.1186 4.2949 85.2734
-6.4407 4.2949 86.3055
-5.7627 4.2949 86.9803
-5.0847 4.2949 87.3537
-4.4068 4.2949 87.4691
-3.7288 4.2949 87.3662
-3.0508 4.2949 87.0845
-2.3729 4.2949 86.6638
-1.6949 4.2949 86.1525
-1.0169 4.2949 85.6585
-0.3390 4.2949 85.2772
0.3390 4.2949 85.1485
1.0169 4.2949 85.5885
1.6949 4.2949 86.1330
2.3729 4.2949 86.2040
3.0508 4.2949 85.8875
3.7288 4.2949 85.2564
4.4068 4.2949 84.3643
5.0847 4.2949 83.2827
5.7627 4.2949 82.0280
6.4407 4.2949 80.6069
7.1186 4.2949 79.0258
7.7966 4.2949 77.2915
8.4746 4.2949 75.3938
9.1525 4.2949 73.2848
9.8305 4.2949 70.9380
10.5085 4.2949 68.3266
11.1864 4.2949 65.4380
11.8644 4.2949 62.2800
12.5424 4.2949 58.8712
13.2203 4.2949 55.2332
13.8983 4.2949 51.3464
14.5763 4.2949 47.1896
15.2542 4.2949 42.7415
15.9322 4.2949 37.9807
16.6102 4.2949 32.8392
17.2881 4.2949 27.2220
17.9661 4.2949 21.0571
18.6441 4.2949 14.2961
19.3220 4.2949 7.0979
20.0000 4.2949 0.0389
-20.0000 4.3974 -0.0370
-19.3220 4.3974 5.9626
-18.6441 4.3974 12.0044
-17.9661 4.3974 17.9840
-17.2881 4.3974 23.8639
-16.6102 4.3974 29.6176
-15.9322 4.3974 35.2184
-15.2542 4.3974 40.6398
-14.5763 4.3974 45.8553
-13.8983 4.3974 50.8384
-13.2203 4.3974 55.5624
-12.5424 4.3974 60.0009
-11.8644 4.3974 64.1274
-11.1864 4.3974 67.9181
-10.5085 4.3974 71.4766
-9.8305 4.3974 74.5670
-9.1525 4.3974 76.8258
-8.4746 4.3974 78.9600
-7.7966 4.3974 80.6691
-7.1186 4.3974 81.9865
-6.4407 4.3974 82.9570
-5.7627 4.3974 83.6202
-5.0847 4.3974 84.0158
-4.4068 4.3974 84.1833
-3.7288 4.3974 84.1625
-3.0508 4.3974 83.9930
-2.3729 4.3974 83.7143
-1.6949 4.3974 83.3662
-1.0169 4.3974 82.9882
-0.3390 4.3974 82.6803
0.3390 4.3974 82.6270
1.0169 4.3974 82.8798
1.6949 4.3974 82.7514
2.3729 4.3974 82.3084
3.0508 4.3974 81.6557
3.7288 4.3974 80.8152
4.4068 4.3974 79.7934
5.0847 4.3974 78.5969
5.7627 4.3974 77.2323
6.4407 4.3974 75.7062
7.1186 4.3974 74.0253
7.7966 4.3974 72.1960
8.4746 4.3974 70.2251
9.1525 4.3974 68.1161
9.8305 4.3974 65.8057
10.5085 4.3974 63.2480
11.1864 4.3974 60.4385
11.8644 4.3974 57.4336
12.5424 4.3974 54.2388
13.2203 4.3974 50.8326
13.8983 4.3974 47.1939
14.5763 4.3974 43.3012
15.2542 4.3974 39.1334
15.9322 4.3974 34.6690
16.6102 4.3974 29.8868
17.2881 4.3974 24.7655
17.9661 4.3974 19.2836
18.6441 4.3974 13.3475
19.3220 4.3974 6.8418
20.0000 4.3974 0.0205
-20.0000 4.5000 0.0000
-19.3220 4.5000 5.7040
-18.6441 4.5000 11.3815
-17.9661 4.5000 17.0058
-17.2881 4.5000 22.5506
-16.6102 4.5000 27.9891
-15.9322 4.5000 33.2949
-15.2542 4.5000 38.4413
-14.5763 4.5000 43.4020
-13.8983 4.5000 48.1502
-13.2203 4.5000 52.6595
-12.5424 4.5000 56.9034
-11.8644 4.5000 60.8552
-11.1864 4.5000 64.4884
-10.5085 4.5000 67.7764
-9.8305 4.5000 70.6900
-9.1525 4.5000 73.1592
-8.4746 4.5000 75.1926
-7.7966 4.5000 76.8298
-7.1186 4.5000 78.1104
-6.4407 4.5000 79.0742
-5.7627 4.5000 79.7606
-5.0847 4.5000 80.2093
-4.4068 4.5000 80.4601
-3.7288 4.5000 80.5524
-3.0508 4.5000 80.5260
-2.3729 4.5000 80.4204
-1.6949 4.5000 80.2754
-1.0169 4.5000 80.1304
-0.3390 4.5000 80.0253
0.3390 4.5000 79.9599
1.0169 4.5000 79.7234
1.6949 4.5000 79.2843
2.3729 4.5000 78.6491
3.0508 4.5000 77.8244
3.7288 4.5000 76.8168
4.4068 4.5000 75.6330
5.0847 4.5000 74.2794
5.7627 4.5000 72.7628
6.4407 4.5000 71.0896
7.1186 4.5000 69.2666
7.7966 4.5000 67.3003
8.4746 4.5000 65.1973
9.1525 4.5000 62.9642
9.8305 4.5000 60.6077
10.5085 4.5000 58.1322
11.1864 4.5000 55.5255
11.8644 4.5000 52.7663
12.5424 4.5000 49.8331
13.2203 4.5000 46.7049
13.8983 4.5000 43.3601
14.5763 4.5000 39.7776
15.2542 4.5000 35.9360
15.9322 4.5000 31.8140
16.6102 4.5000 27.3903
17.2881 4.5000 22.6435
17.9661 4.5000 17.5524
18.6441 4.5000 12.0957
19.3220 4.5000 6.2520
20.0000 4.5000 0.0000
