height radius accuracy
0.0000 0.0000 100.0000
0.1356 0.0000 99.9971
0.2712 0.0000 99.9946
0.4068 0.0000 99.9927
0.5424 0.0000 99.9917
0.6780 0.0000 99.9921
0.8136 0.0000 99.9941
0.9492 0.0000 99.9980
1.0847 0.0000 100.0021
1.2203 0.0000 100.0004
1.3559 0.0000 99.9947
1.4915 0.0000 99.9879
1.6271 0.0000 99.9828
1.7627 0.0000 99.9821
1.8983 0.0000 99.9887
2.0339 0.0000 100.0052
2.1695 0.0000 100.0314
2.3051 0.0000 100.0609
2.4407 0.0000 100.0865
2.5763 0.0000 100.1014
2.7119 0.0000 100.0983
2.8475 0.0000 100.0702
2.9831 0.0000 100.0101
3.1186 0.0000 99.9101
3.2542 0.0000 99.7842
3.3898 0.0000 99.6629
3.5254 0.0000 99.5771
3.6610 0.0000 99.5574
3.7966 0.0000 99.6348
3.9322 0.0000 99.8399
4.0678 0.0000 100.2029
4.2034 0.0000 100.6948
4.3390 0.0000 101.2023
4.4746 0.0000 101.6066
4.6102 0.0000 101.7889
4.7458 0.0000 101.6302
4.8814 0.0000 101.0117
5.0169 0.0000 99.8147
5.1525 0.0000 97.9809
5.2881 0.0000 95.6190
5.4237 0.0000 92.8663
5.5593 0.0000 89.8602
5.6949 0.0000 86.7380
5.8305 0.0000 83.6370
5.9661 0.0000 80.6947
6.1017 0.0000 78.0387
6.2373 0.0000 75.6138
6.3729 0.0000 73.2284
6.5085 0.0000 70.6888
6.6441 0.0000 67.8010
6.7797 0.0000 64.3713
6.9153 0.0000 60.2058
7.0508 0.0000 55.1135
7.1864 0.0000 49.0400
7.3220 0.0000 42.1194
7.4576 0.0000 34.5000
7.5932 0.0000 26.3302
7.7288 0.0000 17.7580
7.8644 0.0000 8.9319
8.0000 0.0000 0.0000
0.0000 0.1923 99.4767
0.1356 0.1923 99.4606
0.2712 0.1923 99.4718
0.4068 0.1923 99.4838
0.5424 0.1923 99.4969
0.6780 0.1923 99.5114
0.8136 0.1923 99.5275
0.9492 0.1923 99.5796
1.0847 0.1923 99.6058
1.2203 0.1923 99.6174
1.3559 0.1923 99.6332
1.4915 0.1923 99.6470
1.6271 0.1923 99.6618
1.7627 0.1923 99.6801
1.8983 0.1923 99.7050
2.0339 0.1923 99.7285
2.1695 0.1923 99.7798
2.3051 0.1923 99.8353
2.4407 0.1923 99.8851
2.5763 0.1923 99.9220
2.7119 0.1923 99.9390
2.8475 0.1923 99.9290
2.9831 0.1923 99.9472
3.1186 0.1923 99.9004
3.2542 0.1923 99.8154
3.3898 0.1923 99.7438
3.5254 0.1923 99.7164
3.6610 0.1923 99.7639
3.7966 0.1923 99.9171
3.9322 0.1923 100.1948
4.0678 0.1923 100.5049
4.2034 0.1923 100.7605
4.3390 0.1923 101.0652
4.4746 0.1923 101.3004
4.6102 0.1923 101.3472
4.7458 0.1923 101.0868
4.8814 0.1923 100.4004
5.0169 0.1923 99.1324
5.1525 0.1923 97.1517
5.2881 0.1923 94.6712
5.4237 0.1923 91.8389
5.5593 0.1923 88.7921
5.6949 0.1923 85.6682
5.8305 0.1923 82.6045
5.9661 0.1923 79.7743
6.1017 0.1923 76.8417
6.2373 0.1923 74.1673
6.3729 0.1923 71.5976
6.5085 0.1923 68.9286
6.6441 0.1923 65.9665
6.7797 0.1923 62.5173
6.9153 0.1923 58.3874
7.0508 0.1923 53.3741
7.1864 0.1923 47.3588
7.3220 0.1923 40.5364
7.4576 0.1923 33.0573
7.5932 0.1923 25.0698
7.7288 0.1923 16.7220
7.8644 0.1923 8.1626
8.0000 0.1923 -0.3956
0.0000 0.3846 98.9720
0.1356 0.3846 98.9053
0.2712 0.3846 98.9292
0.4068 0.3846 98.9549
0.5424 0.3846 98.9817
0.6780 0.3846 99.0100
0.8136 0.3846 99.0935
0.9492 0.3846 99.1462
1.0847 0.3846 99.2187
1.2203 0.3846 99.2583
1.3559 0.3846 99.2859
1.4915 0.3846 99.3219
1.6271 0.3846 99.3580
1.7627 0.3846 99.3969
1.8983 0.3846 99.4394
2.0339 0.3846 99.4596
2.1695 0.3846 99.5139
2.3051 0.3846 99.5867
2.4407 0.3846 99.6516
2.5763 0.3846 99.7017
2.7119 0.3846 99.7306
2.8475 0.3846 99.7944
2.9831 0.3846 99.9408
3.1186 0.3846 99.9580
3.2542 0.3846 99.9126
3.3898 0.3846 99.8874
3.5254 0.3846 99.9152
3.6610 0.3846 100.0266
3.7966 0.3846 100.2367
3.9322 0.3846 100.6831
4.0678 0.3846 100.9528
4.2034 0.3846 100.9052
4.3390 0.3846 100.9998
4.4746 0.3846 101.0581
4.6102 0.3846 100.9616
4.7458 0.3846 100.5917
4.8814 0.3846 99.8261
5.0169 0.3846 98.4473
5.1525 0.3846 96.3520
5.2881 0.3846 93.7572
5.4237 0.3846 90.8496
5.5593 0.3846 87.7664
5.6949 0.3846 84.6451
5.8305 0.3846 81.6369
5.9661 0.3846 78.9794
6.1017 0.3846 75.7680
6.2373 0.3846 72.6948
6.3729 0.3846 69.9339
6.5085 0.3846 67.1427
6.6441 0.3846 64.1133
6.7797 0.3846 60.6520
6.9153 0.3846 56.5648
7.0508 0.3846 51.6415
7.1864 0.3846 45.7138
7.3220 0.3846 38.9939
7.4576 0.3846 31.6593
7.5932 0.3846 23.8583
7.7288 0.3846 15.7402
7.8644 0.3846 7.4876
8.0000 0.3846 -0.6092
0.0000 0.5769 98.5048
0.1356 0.5769 98.3915
0.2712 0.5769 98.4091
0.4068 0.5769 98.4482
0.5424 0.5769 98.4886
0.6780 0.5769 98.5803
0.8136 0.5769 98.7945
0.9492 0.5769 98.7255
1.0847 0.5769 98.7929
1.2203 0.5769 98.9865
1.3559 0.5769 98.9722
1.4915 0.5769 99.0201
1.6271 0.5769 99.0789
1.7627 0.5769 99.1398
1.8983 0.5769 99.1940
2.0339 0.5769 99.2104
2.1695 0.5769 99.2569
2.3051 0.5769 99.3351
2.4407 0.5769 99.4064
2.5763 0.5769 99.4627
2.7119 0.5769 99.5513
2.8475 0.5769 99.7442
2.9831 0.5769 99.9768
3.1186 0.5769 100.0505
3.2542 0.5769 100.0524
3.3898 0.5769 100.0705
3.5254 0.5769 100.1502
3.6610 0.5769 100.3072
3.7966 0.5769 100.5425
3.9322 0.5769 101.2482
4.0678 0.5769 101.4654
4.2034 0.5769 101.1269
4.3390 0.5769 100.9861
4.4746 0.5769 100.8591
4.6102 0.5769 100.6116
4.7458 0.5769 100.1244
4.8814 0.5769 99.2501
5.0169 0.5769 97.7549
5.1525 0.5769 95.5575
5.2881 0.5769 92.8619
5.4237 0.5769 89.8831
5.5593 0.5769 86.7679
5.6949 0.5769 83.6680
5.8305 0.5769 80.7894
5.9661 0.5769 78.2154
6.1017 0.5769 74.8920
6.2373 0.5769 71.3037
6.3729 0.5769 68.2548
6.5085 0.5769 65.3332
6.6441 0.5769 62.2438
6.7797 0.5769 58.7775
6.9153 0.5769 54.7377
7.0508 0.5769 49.9043
7.1864 0.5769 44.0868
7.3220 0.5769 37.4766
7.4576 0.5769 30.2908
7.5932 0.5769 22.6823
7.7288 0.5769 14.8298
7.8644 0.5769 6.9773
8.0000 0.5769 -0.6725
0.0000 0.7692 98.0936
0.1356 0.7692 97.9502
0.2712 0.7692 97.9549
0.4068 0.7692 98.0066
0.5424 0.7692 98.0971
0.6780 0.7692 98.3240
0.8136 0.7692 98.4699
0.9492 0.7692 98.3418
1.0847 0.7692 98.4027
1.2203 0.7692 98.7119
1.3559 0.7692 98.7423
1.4915 0.7692 98.7589
1.6271 0.7692 98.8322
1.7627 0.7692 98.9152
1.8983 0.7692 98.9784
2.0339 0.7692 98.9909
2.1695 0.7692 99.0292
2.3051 0.7692 99.1012
2.4407 0.7692 99.1717
2.5763 0.7692 99.2666
2.7119 0.7692 99.4556
2.8475 0.7692 99.7643
2.9831 0.7692 100.0431
3.1186 0.7692 100.1625
3.2542 0.7692 100.2104
3.3898 0.7692 100.2695
3.5254 0.7692 100.3870
3.6610 0.7692 100.5564
3.7966 0.7692 100.9862
3.9322 0.7692 101.8064
4.0678 0.7692 101.9713
4.2034 0.7692 101.4714
4.3390 0.7692 101.0218
4.4746 0.7692 100.6853
4.6102 0.7692 100.2766
4.7458 0.7692 99.6619
4.8814 0.7692 98.6632
5.0169 0.7692 97.0517
5.1525 0.7692 94.7521
5.2881 0.7692 91.9696
5.4237 0.7692 88.9243
5.5593 0.7692 85.7953
5.6949 0.7692 82.7540
5.8305 0.7692 80.0799
5.9661 0.7692 77.4311
6.1017 0.7692 74.0280
6.2373 0.7692 70.0646
6.3729 0.7692 66.6379
6.5085 0.7692 63.5150
6.6441 0.7692 60.3603
6.7797 0.7692 56.8954
6.9153 0.7692 52.9037
7.0508 0.7692 48.1603
7.1864 0.7692 42.4550
7.3220 0.7692 35.9693
7.4576 0.7692 28.9383
7.5932 0.7692 21.5549
7.7288 0.7692 14.0231
7.8644 0.7692 6.6209
8.0000 0.7692 -0.6172
0.0000 0.9615 97.7571
0.1356 0.9615 97.6002
0.2712 0.9615 97.6063
0.4068 0.9615 97.6846
0.5424 0.9615 97.8698
0.6780 0.9615 98.1795
0.8136 0.9615 98.1456
0.9492 0.9615 98.0160
1.0847 0.9615 98.0705
1.2203 0.9615 98.4081
1.3559 0.9615 98.6084
1.4915 0.9615 98.5742
1.6271 0.9615 98.6300
1.7627 0.9615 98.7303
1.8983 0.9615 98.8023
2.0339 0.9615 98.8109
2.1695 0.9615 98.8412
2.3051 0.9615 98.9043
2.4407 0.9615 98.9869
2.5763 0.9615 99.1496
2.7119 0.9615 99.4422
2.8475 0.9615 99.8235
2.9831 0.9615 100.1274
3.1186 0.9615 100.2817
3.2542 0.9615 100.3653
3.3898 0.9615 100.4586
3.5254 0.9615 100.5933
3.6610 0.9615 100.8017
3.7966 0.9615 101.5299
3.9322 0.9615 102.3191
4.0678 0.9615 102.4317
4.2034 0.9615 101.8788
4.3390 0.9615 101.1278
4.4746 0.9615 100.5391
4.6102 0.9615 99.9412
4.7458 0.9615 99.1856
4.8814 0.9615 98.0618
5.0169 0.9615 96.3339
5.1525 0.9615 93.9321
5.2881 0.9615 91.0651
5.4237 0.9615 87.9701
5.5593 0.9615 84.8623
5.6949 0.9615 81.9453
5.8305 0.9615 79.3905
5.9661 0.9615 76.5756
6.1017 0.9615 73.0926
6.2373 0.9615 68.9594
6.3729 0.9615 65.1087
6.5085 0.9615 61.7342
6.6441 0.9615 58.4685
6.7797 0.9615 55.0042
6.9153 0.9615 51.0607
7.0508 0.9615 46.4072
7.1864 0.9615 40.8140
7.3220 0.9615 34.4578
7.4576 0.9615 27.6100
7.5932 0.9615 20.4962
7.7288 0.9615 13.3706
7.8644 0.9615 6.3803
8.0000 0.9615 -0.4748
0.0000 1.1538 97.5142
0.1356 1.1538 97.3601
0.2712 1.1538 97.3840
0.4068 1.1538 97.5174
0.5424 1.1538 97.8298
0.6780 1.1538 98.0174
0.8136 1.1538 97.8852
0.9492 1.1538 97.7691
1.0847 1.1538 97.8172
1.2203 1.1538 98.1296
1.3559 1.1538 98.4614
1.4915 1.1538 98.4901
1.6271 1.1538 98.4959
1.7627 1.1538 98.5947
1.8983 1.1538 98.6757
2.0339 1.1538 98.6804
2.1695 1.1538 98.7026
2.3051 1.1538 98.7587
2.4407 1.1538 98.8762
2.5763 1.1538 99.1267
2.7119 1.1538 99.4880
2.8475 1.1538 99.8994
2.9831 1.1538 100.2176
3.1186 1.1538 100.3961
3.2542 1.1538 100.5045
3.3898 1.1538 100.6190
3.5254 1.1538 100.7563
3.6610 1.1538 101.1687
3.7966 1.1538 102.0607
3.9322 1.1538 102.7474
4.0678 1.1538 102.8075
4.2034 1.1538 102.2545
4.3390 1.1538 101.3153
4.4746 1.1538 100.4320
4.6102 1.1538 99.6116
4.7458 1.1538 98.6912
4.8814 1.1538 97.4422
5.0169 1.1538 95.5979
5.1525 1.1538 93.0940
5.2881 1.1538 90.1436
5.4237 1.1538 87.0319
5.5593 1.1538 83.9827
5.6949 1.1538 81.1969
5.8305 1.1538 78.5860
5.9661 1.1538 75.5976
6.1017 1.1538 72.0349
6.2373 1.1538 67.8696
6.3729 1.1538 63.7061
6.5085 1.1538 60.0098
6.6441 1.1538 56.5859
6.7797 1.1538 53.1017
6.9153 1.1538 49.2062
7.0508 1.1538 44.6427
7.1864 1.1538 39.1617
7.3220 1.1538 32.9446
7.4576 1.1538 26.3234
7.5932 1.1538 19.5394
7.7288 1.1538 12.8456
7.8644 1.1538 6.2229
8.0000 1.1538 -0.2770
0.0000 1.3462 97.3833
0.1356 1.3462 97.2486
0.2712 1.3462 97.3077
0.4068 1.3462 97.5282
0.5424 1.3462 97.8647
0.6780 1.3462 97.8830
0.8136 1.3462 97.7246
0.9492 1.3462 97.6221
1.0847 1.3462 97.6637
1.2203 1.3462 97.9406
1.3559 1.3462 98.3145
1.4915 1.3462 98.4959
1.6271 1.3462 98.4532
1.7627 1.3462 98.5187
1.8983 1.3462 98.6084
2.0339 1.3462 98.6093
2.1695 1.3462 98.6233
2.3051 1.3462 98.6823
2.4407 1.3462 98.8583
2.5763 1.3462 99.1774
2.7119 1.3462 99.5699
2.8475 1.3462 99.9797
2.9831 1.3462 100.3015
3.1186 1.3462 100.4934
3.2542 1.3462 100.6161
3.3898 1.3462 100.7381
3.5254 1.3462 100.9337
3.6610 1.3462 101.5799
3.7966 1.3462 102.4711
3.9322 1.3462 103.0523
4.0678 1.3462 103.0601
4.2034 1.3462 102.5092
4.3390 1.3462 101.5068
4.4746 1.3462 100.3827
4.6102 1.3462 99.2995
4.7458 1.3462 98.1777
4.8814 1.3462 96.8008
5.0169 1.3462 94.8401
5.1525 1.3462 92.2340
5.2881 1.3462 89.2141
5.4237 1.3462 86.1220
5.5593 1.3462 83.1686
5.6949 1.3462 80.4001
5.8305 1.3462 77.6081
5.9661 1.3462 74.4462
6.1017 1.3462 70.8037
6.2373 1.3462 66.6625
6.3729 1.3462 62.3571
6.5085 1.3462 58.3614
6.6441 1.3462 54.7292
6.7797 1.3462 51.1855
6.9153 1.3462 47.3382
7.0508 1.3462 42.8645
7.1864 1.3462 37.4958
7.3220 1.3462 31.4463
7.4576 1.3462 25.0957
7.5932 1.3462 18.7191
7.7288 1.3462 12.4091
7.8644 1.3462 6.1171
8.0000 1.3462 -0.0555
0.0000 1.5385 97.3833
0.1356 1.5385 97.2844
0.2712 1.5385 97.3999
0.4068 1.5385 97.7301
0.5424 1.5385 97.9053
0.6780 1.5385 97.8267
0.8136 1.5385 97.6848
0.9492 1.5385 97.5958
1.0847 1.5385 97.6310
1.2203 1.5385 97.8724
1.3559 1.5385 98.2214
1.4915 1.5385 98.4925
1.6271 1.5385 98.5256
1.7627 1.5385 98.5227
1.8983 1.5385 98.6104
2.0339 1.5385 98.6073
2.1695 1.5385 98.6133
2.3051 1.5385 98.6937
2.4407 1.5385 98.9388
2.5763 1.5385 99.2762
2.7119 1.5385 99.6645
2.8475 1.5385 100.0523
2.9831 1.5385 100.3668
3.1186 1.5385 100.5614
3.2542 1.5385 100.6882
3.3898 1.5385 100.8033
3.5254 1.5385 101.1955
3.6610 1.5385 101.9358
3.7966 1.5385 102.7194
3.9322 1.5385 103.1950
4.0678 1.5385 103.1505
4.2034 1.5385 102.6017
4.3390 1.5385 101.6173
4.4746 1.5385 100.3625
4.6102 1.5385 99.0167
4.7458 1.5385 97.6593
4.8814 1.5385 96.1339
5.0169 1.5385 94.0568
5.1525 1.5385 91.3486
5.2881 1.5385 88.2893
5.4237 1.5385 85.2519
5.5593 1.5385 82.3343
5.6949 1.5385 79.4463
5.8305 1.5385 76.4055
5.9661 1.5385 73.0703
6.1017 1.5385 69.3479
6.2373 1.5385 65.2317
6.3729 1.5385 60.9427
6.5085 1.5385 56.7894
6.6441 1.5385 52.9153
6.7797 1.5385 49.2591
6.9153 1.5385 45.4542
7.0508 1.5385 41.0705
7.1864 1.5385 35.8139
7.3220 1.5385 29.9798
7.4576 1.5385 23.9690
7.5932 1.5385 17.9995
7.7288 1.5385 12.0226
7.8644 1.5385 6.0313
8.0000 1.5385 0.1582
0.0000 1.7308 97.5329
0.1356 1.7308 97.4862
0.2712 1.7308 97.6838
0.4068 1.7308 97.9801
0.5424 1.7308 98.0017
0.6780 1.7308 97.8979
0.8136 1.7308 97.7867
0.9492 1.7308 97.7112
1.0847 1.7308 97.7400
1.2203 1.7308 97.9458
1.3559 1.7308 98.2354
1.4915 1.7308 98.5188
1.6271 1.7308 98.6743
1.7627 1.7308 98.6328
1.8983 1.7308 98.6915
2.0339 1.7308 98.6846
2.1695 1.7308 98.6833
2.3051 1.7308 98.8117
2.4407 1.7308 99.0809
2.5763 1.7308 99.4001
2.7119 1.7308 99.7506
2.8475 1.7308 100.1048
2.9831 1.7308 100.4014
3.1186 1.7308 100.5879
3.2542 1.7308 100.7079
3.3898 1.7308 100.8995
3.5254 1.7308 101.4457
3.6610 1.7308 102.1372
3.7966 1.7308 102.7667
3.9322 1.7308 103.1368
4.0678 1.7308 103.0398
4.2034 1.7308 102.4932
4.3390 1.7308 101.5622
4.4746 1.7308 100.2872
4.6102 1.7308 98.7671
4.7458 1.7308 97.1484
4.8814 1.7308 95.4380
5.0169 1.7308 93.2445
5.1525 1.7308 90.4342
5.2881 1.7308 87.3814
5.4237 1.7308 84.3853
5.5593 1.7308 81.3710
5.6949 1.7308 78.2307
5.8305 1.7308 74.9273
5.9661 1.7308 71.4186
6.1017 1.7308 67.6165
6.2373 1.7308 63.5252
6.3729 1.7308 59.3437
6.5085 1.7308 55.1903
6.6441 1.7308 51.1592
6.7797 1.7308 47.3445
6.9153 1.7308 43.5520
7.0508 1.7308 39.2582
7.1864 1.7308 34.1251
7.3220 1.7308 28.5635
7.4576 1.7308 22.9553
7.5932 1.7308 17.3417
7.7288 1.7308 11.6523
7.8644 1.7308 5.9338
8.0000 1.7308 0.3322
0.0000 1.9231 97.8506
0.1356 1.9231 97.8728
0.2712 1.9231 98.1502
0.4068 1.9231 98.2637
0.5424 1.9231 98.2116
0.6780 1.9231 98.1332
0.8136 1.9231 98.0511
0.9492 1.9231 97.9892
1.0847 1.9231 98.0115
1.2203 1.9231 98.1819
1.3559 1.9231 98.4046
1.4915 1.9231 98.6304
1.6271 1.9231 98.8307
1.7627 1.9231 98.8718
1.8983 1.9231 98.8616
2.0339 1.9231 98.8508
2.1695 1.9231 98.8535
2.3051 1.9231 99.0233
2.4407 1.9231 99.2601
2.5763 1.9231 99.5268
2.7119 1.9231 99.8171
2.8475 1.9231 100.1251
2.9831 1.9231 100.3930
3.1186 1.9231 100.5607
3.2542 1.9231 100.6704
3.3898 1.9231 101.0276
3.5254 1.9231 101.5788
3.6610 1.9231 102.1095
3.7966 1.9231 102.5741
3.9322 1.9231 102.8386
4.0678 1.9231 102.6893
4.2034 1.9231 102.1447
4.3390 1.9231 101.2716
4.4746 1.9231 100.0658
4.6102 1.9231 98.4882
4.7458 1.9231 96.6560
4.8814 1.9231 94.7094
5.0169 1.9231 92.3995
5.1525 1.9231 89.5017
5.2881 1.9231 86.4875
5.4237 1.9231 83.4180
5.5593 1.9231 80.1605
5.6949 1.9231 76.6928
5.8305 1.9231 73.1224
5.9661 1.9231 69.4403
6.1017 1.9231 65.5583
6.2373 1.9231 61.4921
6.3729 1.9231 57.4522
6.5085 1.9231 53.4437
6.6441 1.9231 49.4117
6.7797 1.9231 45.4589
6.9153 1.9231 41.6293
7.0508 1.9231 37.4255
7.1864 1.9231 32.4581
7.3220 1.9231 27.2445
7.4576 1.9231 22.0156
7.5932 1.9231 16.6935
7.7288 1.9231 11.2643
7.8644 1.9231 5.7931
8.0000 1.9231 0.4351
0.0000 2.1154 98.3552
0.1356 2.1154 98.4650
0.2712 2.1154 98.6556
0.4068 2.1154 98.6553
0.5424 2.1154 98.6168
0.6780 2.1154 98.5599
0.8136 2.1154 98.4993
0.9492 2.1154 98.4508
1.0847 2.1154 98.4666
1.2203 2.1154 98.5965
1.3559 2.1154 98.7497
1.4915 2.1154 98.9060
1.6271 2.1154 99.0548
1.7627 2.1154 99.1691
1.8983 2.1154 99.1367
2.0339 2.1154 99.1160
2.1695 2.1154 99.1426
2.3051 2.1154 99.2842
2.4407 2.1154 99.4537
2.5763 2.1154 99.6455
2.7119 2.1154 99.8609
2.8475 2.1154 100.1011
2.9831 2.1154 100.3295
3.1186 2.1154 100.4691
3.2542 2.1154 100.6602
3.3898 2.1154 101.0679
3.5254 2.1154 101.4698
3.6610 2.1154 101.8256
3.7966 2.1154 102.1098
3.9322 2.1154 102.2617
4.0678 2.1154 102.0600
4.2034 2.1154 101.5205
4.3390 2.1154 100.7066
4.4746 2.1154 99.5771
4.6102 2.1154 98.0747
4.7458 2.1154 96.1559
4.8814 2.1154 93.9667
5.0169 2.1154 91.5181
5.1525 2.1154 88.5747
5.2881 2.1154 85.5213
5.4237 2.1154 82.2058
5.5593 2.1154 78.5906
5.6949 2.1154 74.7950
5.8305 2.1154 70.9403
5.9661 2.1154 67.0841
6.1017 2.1154 63.1223
6.2373 2.1154 59.1097
6.3729 2.1154 55.2296
6.5085 2.1154 51.4074
6.6441 2.1154 47.5499
6.7797 2.1154 43.5991
6.9153 2.1154 39.6847
7.0508 2.1154 35.5701
7.1864 2.1154 30.8355
7.3220 2.1154 26.0112
7.4576 2.1154 21.0663
7.5932 2.1154 15.9830
7.7288 2.1154 10.8050
7.8644 2.1154 5.5773
8.0000 2.1154 0.4351
0.0000 2.3077 99.0655
0.1356 2.3077 99.2201
0.2712 2.3077 99.2747
0.4068 2.3077 99.2798
0.5424 2.3077 99.2519
0.6780 2.3077 99.2057
0.8136 2.3077 99.1557
0.9492 2.3077 99.1168
1.0847 2.3077 99.1260
1.2203 2.3077 99.1990
1.3559 2.3077 99.2858
1.4915 2.3077 99.3757
1.6271 2.3077 99.4581
1.7627 2.3077 99.5222
1.8983 2.3077 99.5459
2.0339 2.3077 99.4899
2.1695 2.3077 99.5114
2.3051 2.3077 99.5704
2.4407 2.3077 99.6506
2.5763 2.3077 99.7531
2.7119 2.3077 99.8792
2.8475 2.3077 100.0300
2.9831 2.3077 100.1987
3.1186 2.3077 100.3220
3.2542 2.3077 100.5800
3.3898 2.3077 100.8441
3.5254 2.3077 101.0805
3.6610 2.3077 101.2635
3.7966 2.3077 101.3677
3.9322 2.3077 101.3672
4.0678 2.3077 101.1131
4.2034 2.3077 100.5934
4.3390 2.3077 99.8317
4.4746 2.3077 98.7707
4.6102 2.3077 97.3531
4.7458 2.3077 95.5213
4.8814 2.3077 93.2260
5.0169 2.3077 90.5967
5.1525 2.3077 87.6152
5.2881 2.3077 84.2976
5.4237 2.3077 80.5915
5.5593 2.3077 76.6182
5.6949 2.3077 72.4990
5.8305 2.3077 68.3551
5.9661 2.3077 64.2990
6.1017 2.3077 60.2622
6.2373 2.3077 56.3716
6.3729 2.3077 52.6585
6.5085 2.3077 49.0297
6.6441 2.3077 45.3921
6.7797 2.3077 41.6524
6.9153 2.3077 37.7453
7.0508 2.3077 33.6923
7.1864 2.3077 29.2941
7.3220 2.3077 24.7357
7.4576 2.3077 20.0075
7.5932 2.3077 15.1532
7.7288 2.3077 10.2169
7.8644 2.3077 5.2421
8.0000 2.3077 0.3006
0.0000 2.5000 100.0000
0.1356 2.5000 100.1150
0.2712 2.5000 100.1676
0.4068 2.5000 100.1726
0.5424 2.5000 100.1445
0.6780 2.5000 100.0981
0.8136 2.5000 100.0479
0.9492 2.5000 100.0088
1.0847 2.5000 99.9944
1.2203 2.5000 100.0042
1.3559 2.5000 100.0278
1.4915 2.5000 100.0545
1.6271 2.5000 100.0737
1.7627 2.5000 100.0745
1.8983 2.5000 100.0465
2.0339 2.5000 99.9809
2.1695 2.5000 99.9162
2.3051 2.5000 99.8715
2.4407 2.5000 99.8478
2.5763 2.5000 99.8466
2.7119 2.5000 99.8689
2.8475 2.5000 99.9159
2.9831 2.5000 99.9890
3.1186 2.5000 100.0905
3.2542 2.5000 100.2079
3.3898 2.5000 100.3159
3.5254 2.5000 100.3889
3.6610 2.5000 100.4013
3.7966 2.5000 100.3277
3.9322 2.5000 100.1424
4.0678 2.5000 99.8207
4.2034 2.5000 99.3289
4.3390 2.5000 98.6116
4.4746 2.5000 97.6113
4.6102 2.5000 96.2706
4.7458 2.5000 94.5320
4.8814 2.5000 92.3382
5.0169 2.5000 89.6314
5.1525 2.5000 86.3665
5.2881 2.5000 82.6263
5.4237 2.5000 78.5321
5.5593 2.5000 74.2050
5.6949 2.5000 69.7664
5.8305 2.5000 65.3376
5.9661 2.5000 61.0398
6.1017 2.5000 57.0029
6.2373 2.5000 53.2601
6.3729 2.5000 49.7212
6.5085 2.5000 46.2931
6.6441 2.5000 42.8826
6.7797 2.5000 39.3965
6.9153 2.5000 35.7415
7.0508 2.5000 31.8298
7.1864 2.5000 27.6672
7.3220 2.5000 23.3034
7.4576 2.5000 18.7822
7.5932 2.5000 14.1475
7.7288 2.5000 9.4430
7.8644 2.5000 4.7125
8.0000 2.5000 0.0000
0.0000 2.6923 101.1515
0.1356 2.6923 101.4129
0.2712 2.6923 101.4442
0.4068 2.6923 101.4207
0.5424 2.6923 101.3641
0.6780 2.6923 101.2892
0.8136 2.6923 101.2106
0.9492 2.6923 101.1423
1.0847 2.6923 101.0910
1.2203 2.6923 101.0614
1.3559 2.6923 101.0457
1.4915 2.6923 101.0330
1.6271 2.6923 101.0128
1.7627 2.6923 100.9743
1.8983 2.6923 100.8450
2.0339 2.6923 100.5526
2.1695 2.6923 100.3238
2.3051 2.6923 100.1607
2.4407 2.6923 100.0188
2.5763 2.6923 99.8992
2.7119 2.6923 99.8032
2.8475 2.6923 99.7319
2.9831 2.6923 99.6746
3.1186 2.6923 99.6145
3.2542 2.6923 99.5839
3.3898 2.6923 99.5365
3.5254 2.6923 99.4468
3.6610 2.6923 99.2894
3.7966 2.6923 99.0387
3.9322 2.6923 98.6521
4.0678 2.6923 98.3082
4.2034 2.6923 97.8171
4.3390 2.6923 97.1317
4.4746 2.6923 96.1796
4.6102 2.6923 94.9033
4.7458 2.6923 93.2456
4.8814 2.6923 91.1488
5.0169 2.6923 88.4478
5.1525 2.6923 84.7889
5.2881 2.6923 80.6390
5.4237 2.6923 76.1695
5.5593 2.6923 71.5015
5.6949 2.6923 66.7564
5.8305 2.6923 62.0555
5.9661 2.6923 57.3416
6.1017 2.6923 53.2796
6.2373 2.6923 49.6588
6.3729 2.6923 46.3175
6.5085 2.6923 43.1134
6.6441 2.6923 39.9533
6.7797 2.6923 36.7441
6.9153 2.6923 33.3925
7.0508 2.6923 29.8132
7.1864 2.6923 25.8319
7.3220 2.6923 21.6558
7.4576 2.6923 17.3348
7.5932 2.6923 12.9127
7.7288 2.6923 8.4332
7.8644 2.6923 3.9438
8.0000 2.6923 -0.3400
0.0000 2.8846 102.4404
0.1356 2.8846 102.5279
0.2712 2.8846 103.0872
0.4068 2.8846 103.0108
0.5424 2.8846 102.8800
0.6780 2.8846 102.7307
0.8136 2.8846 102.5778
0.9492 2.8846 102.4341
1.0847 2.8846 102.3535
1.2203 2.8846 102.3296
1.3559 2.8846 102.3189
1.4915 2.8846 102.3113
1.6271 2.8846 102.2962
1.7627 2.8846 102.1765
1.8983 2.8846 101.4800
2.0339 2.8846 101.3160
2.1695 2.8846 100.6179
2.3051 2.8846 100.3933
2.4407 2.8846 100.1185
2.5763 2.8846 99.8660
2.7119 2.8846 99.6371
2.8475 2.8846 99.4329
2.9831 2.8846 99.2017
3.1186 2.8846 98.9562
3.2542 2.8846 98.7747
3.3898 2.8846 98.5713
3.5254 2.8846 98.3184
3.6610 2.8846 97.9906
3.7966 2.8846 97.5431
3.9322 2.8846 96.8307
4.0678 2.8846 96.4812
4.2034 2.8846 96.1829
4.3390 2.8846 95.4888
4.4746 2.8846 94.5678
4.6102 2.8846 93.3391
4.7458 2.8846 91.7450
4.8814 2.8846 89.7186
5.0169 2.8846 86.9137
5.1525 2.8846 83.0133
5.2881 2.8846 78.4752
5.4237 2.8846 73.6519
5.5593 2.8846 68.6645
5.6949 2.8846 63.6344
5.8305 2.8846 58.7342
5.9661 2.8846 52.9517
6.1017 2.8846 49.3314
6.2373 2.8846 45.5941
6.3729 2.8846 42.4214
6.5085 2.8846 39.4809
6.6441 2.8846 36.6108
6.7797 2.8846 33.7179
6.9153 2.8846 30.7176
7.0508 2.8846 27.5203
7.1864 2.8846 23.7881
7.3220 2.8846 19.7959
7.4576 2.8846 15.6711
7.5932 2.8846 11.4576
7.7288 2.8846 7.2098
7.8644 2.8846 3.2658
8.0000 2.8846 -0.5794
0.0000 3.0769 103.7768
0.1356 3.0769 103.5215
0.2712 3.0769 104.4305
0.4068 3.0769 104.7879
0.5424 3.0769 104.5691
0.6780 3.0769 104.2998
0.8136 3.0769 104.0265
0.9492 3.0769 103.7867
1.0847 3.0769 103.6768
1.2203 3.0769 103.6875
1.3559 3.0769 103.7264
1.4915 3.0769 103.7683
1.6271 3.0769 103.7079
1.7627 3.0769 102.9124
1.8983 3.0769 102.3501
2.0339 3.0769 102.1168
2.1695 3.0769 100.8776
2.3051 3.0769 100.4732
2.4407 3.0769 100.1160
2.5763 3.0769 99.7167
2.7119 3.0769 99.3403
2.8475 3.0769 98.9787
2.9831 3.0769 98.5582
3.1186 3.0769 98.1239
3.2542 3.0769 97.7772
3.3898 3.0769 97.4172
3.5254 3.0769 97.0005
3.6610 3.0769 96.4819
3.7966 3.0769 95.7594
3.9322 3.0769 94.7282
4.0678 3.0769 94.3395
4.2034 3.0769 94.4898
4.3390 3.0769 93.6914
4.4746 3.0769 92.7581
4.6102 3.0769 91.5597
4.7458 3.0769 90.0123
4.8814 3.0769 87.9764
5.0169 3.0769 85.0517
5.1525 3.0769 80.9681
5.2881 3.0769 76.1065
5.4237 3.0769 70.9508
5.5593 3.0769 65.6660
5.6949 3.0769 60.4277
5.8305 3.0769 55.0375
5.9661 3.0769 48.1372
6.1017 3.0769 44.5412
6.2373 3.0769 41.6674
6.3729 3.0769 38.2022
6.5085 3.0769 35.4897
6.6441 3.0769 32.9491
6.7797 3.0769 30.4122
6.9153 3.0769 27.8042
7.0508 3.0769 24.9890
7.1864 3.0769 21.5637
7.3220 3.0769 17.7595
7.4576 3.0769 13.8270
7.5932 3.0769 9.8343
7.7288 3.0769 6.0946
7.8644 3.0769 2.7577
8.0000 3.0769 -0.7302
0.0000 3.2692 105.0709
0.1356 3.2692 104.5494
0.2712 3.2692 105.1595
0.4068 3.2692 106.2315
0.5424 3.2692 106.2802
0.6780 3.2692 105.8734
0.8136 3.2692 105.4442
0.9492 3.2692 105.1074
1.0847 3.2692 104.9681
1.2203 3.2692 105.0182
1.3559 3.2692 105.1471
1.4915 3.2692 105.2060
1.6271 3.2692 104.6650
1.7627 3.2692 103.3462
1.8983 3.2692 103.2106
2.0339 3.2692 102.8617
2.1695 3.2692 101.4093
2.3051 3.2692 100.3161
2.4407 3.2692 99.9330
2.5763 3.2692 99.4201
2.7119 3.2692 98.8824
2.8475 3.2692 98.3428
2.9831 3.2692 97.7330
3.1186 3.2692 97.1100
3.2542 3.2692 96.5894
3.3898 3.2692 96.0708
3.5254 3.2692 95.4727
3.6610 3.2692 94.7043
3.7966 3.2692 93.6162
3.9322 3.2692 92.3877
4.0678 3.2692 91.9599
4.2034 3.2692 92.3678
4.3390 3.2692 91.8323
4.4746 3.2692 90.7592
4.6102 3.2692 89.5471
4.7458 3.2692 88.0230
4.8814 3.2692 85.9335
5.0169 3.2692 82.8890
5.1525 3.2692 78.6223
5.2881 3.2692 73.5035
5.4237 3.2692 68.0386
5.5593 3.2692 62.5330
5.6949 3.2692 57.2438
5.8305 3.2692 50.2701
5.9661 3.2692 43.0099
6.1017 3.2692 39.3499
6.2373 3.2692 37.5042
6.3729 3.2692 34.1116
6.5085 3.2692 31.2943
6.6441 3.2692 29.0623
6.7797 3.2692 26.9219
6.9153 3.2692 24.7148
7.0508 3.2692 22.2817
7.1864 3.2692 19.1685
7.3220 3.2692 15.5827
7.4576 3.2692 11.8535
7.5932 3.2692 8.3016
7.7288 3.2692 5.3000
7.8644 3.2692 2.3353
8.0000 3.2692 -0.8045
0.0000 3.4615 106.2330
0.1356 3.4615 105.5230
0.2712 3.4615 105.8281
0.4068 3.4615 107.0325
0.5424 3.4615 107.6700
0.6780 3.4615 107.3293
0.8136 3.4615 106.7373
0.9492 3.4615 106.3033
1.0847 3.4615 106.1348
1.2203 3.4615 106.2242
1.3559 3.4615 106.4379
1.4915 3.4615 106.2338
1.6271 3.4615 104.9228
1.7627 3.4615 103.9483
1.8983 3.4615 103.9219
2.0339 3.4615 103.4573
2.1695 3.4615 101.9857
2.3051 3.4615 100.2008
2.4407 3.4615 99.5181
2.5763 3.4615 98.9265
2.7119 3.4615 98.2348
2.8475 3.4615 97.5142
2.9831 3.4615 96.7150
3.1186 3.4615 95.9033
3.2542 3.4615 95.2084
3.3898 3.4615 94.5185
3.5254 3.4615 93.6912
3.6610 3.4615 92.6117
3.7966 3.4615 91.1437
3.9322 3.4615 89.8206
4.0678 3.4615 89.3536
4.2034 3.4615 89.7936
4.3390 3.4615 89.8728
4.4746 3.4615 88.6535
4.6102 3.4615 87.3076
4.7458 3.4615 85.7623
4.8814 3.4615 83.6172
5.0169 3.4615 80.4530
5.1525 3.4615 76.0031
5.2881 3.4615 70.6381
5.4237 3.4615 64.9382
5.5593 3.4615 59.3641
5.6949 3.4615 53.4161
5.8305 3.4615 44.8593
5.9661 3.4615 37.6816
6.1017 3.4615 33.9577
6.2373 3.4615 32.5155
6.3729 3.4615 30.3169
6.5085 3.4615 27.1917
6.6441 3.4615 25.0606
6.7797 3.4615 23.3180
6.9153 3.4615 21.5118
7.0508 3.4615 19.4607
7.1864 3.4615 16.6596
7.3220 3.4615 13.3037
7.4576 3.4615 9.9317
7.5932 3.4615 7.0633
7.7288 3.4615 4.6300
7.8644 3.4615 1.9880
8.0000 3.4615 -0.8140
0.0000 3.6538 107.1733
0.1356 3.6538 106.3539
0.2712 3.6538 106.4603
0.4068 3.6538 107.2372
0.5424 3.6538 108.4978
0.6780 3.6538 108.5111
0.8136 3.6538 107.8129
0.9492 3.6538 107.2818
1.0847 3.6538 107.0840
1.2203 3.6538 107.2128
1.3559 3.6538 107.3857
1.4915 3.6538 106.6285
1.6271 3.6538 105.0044
1.7627 3.6538 104.5194
1.8983 3.6538 104.3905
2.0339 3.6538 103.8102
2.1695 3.6538 102.3349
2.3051 3.6538 100.2337
2.4407 3.6538 98.8712
2.5763 3.6538 98.2066
2.7119 3.6538 97.3830
2.8475 3.6538 96.4817
2.9831 3.6538 95.4932
3.1186 3.6538 94.4927
3.2542 3.6538 93.6236
3.3898 3.6538 92.7289
3.5254 3.6538 91.6245
3.6610 3.6538 90.1521
3.7966 3.6538 88.4056
3.9322 3.6538 87.0384
4.0678 3.6538 86.5322
4.2034 3.6538 86.8968
4.3390 3.6538 87.3816
4.4746 3.6538 86.5268
4.6102 3.6538 84.9155
4.7458 3.6538 83.2553
4.8814 3.6538 81.0546
5.0169 3.6538 77.7707
5.1525 3.6538 73.1376
5.2881 3.6538 67.5315
5.4237 3.6538 61.7423
5.5593 3.6538 56.2002
5.6949 3.6538 48.5826
5.8305 3.6538 39.3245
5.9661 3.6538 32.2643
6.1017 3.6538 28.4764
6.2373 3.6538 27.0258
6.3729 3.6538 26.0445
6.5085 3.6538 23.3387
6.6441 3.6538 21.0979
6.7797 3.6538 19.6626
6.9153 3.6538 18.2573
7.0508 3.6538 16.5884
7.1864 3.6538 14.0994
7.3220 3.6538 11.0213
7.4576 3.6538 8.2341
7.5932 3.6538 6.1594
7.7288 3.6538 4.0289
7.8644 3.6538 1.7040
8.0000 3.6538 -0.7709
0.0000 3.8462 107.8019
0.1356 3.8462 106.9523
0.2712 3.8462 106.9511
0.4068 3.8462 107.4008
0.5424 3.8462 108.5537
0.6780 3.8462 109.2117
0.8136 3.8462 108.5782
0.9492 3.8462 107.9501
1.0847 3.8462 107.7229
1.2203 3.8462 107.8911
1.3559 3.8462 107.7804
1.4915 3.8462 106.2684
1.6271 3.8462 105.1231
1.7627 3.8462 104.8380
1.8983 3.8462 104.5232
2.0339 3.8462 103.8272
2.1695 3.8462 102.3481
2.3051 3.8462 100.1982
2.4407 3.8462 98.2914
2.5763 3.8462 97.2405
2.7119 3.8462 96.3104
2.8475 3.8462 95.2342
2.9831 3.8462 94.0565
3.1186 3.8462 92.8673
3.2542 3.8462 91.8205
3.3898 3.8462 90.6703
3.5254 3.8462 89.2179
3.6610 3.8462 87.3712
3.7966 3.8462 85.4617
3.9322 3.8462 84.0525
4.0678 3.8462 83.5072
4.2034 3.8462 83.7919
4.3390 3.8462 84.4104
4.4746 3.8462 84.1946
4.6102 3.8462 82.4565
4.7458 3.8462 80.5396
4.8814 3.8462 78.2731
5.0169 3.8462 74.8695
5.1525 3.8462 70.0532
5.2881 3.8462 64.2675
5.4237 3.8462 58.5478
5.5593 3.8462 52.1571
5.6949 3.8462 43.1454
5.8305 3.8462 33.8124
5.9661 3.8462 26.8697
6.1017 3.8462 23.0178
6.2373 3.8462 21.3982
6.3729 3.8462 21.0540
6.5085 3.8462 19.7657
6.6441 3.8462 17.3208
6.7797 3.8462 16.0181
6.9153 3.8462 15.0138
7.0508 3.8462 13.7269
7.1864 3.8462 11.5501
7.3220 3.8462 8.8927
7.4576 3.8462 6.9200
7.5932 3.8462 5.3341
7.7288 3.8462 3.4871
7.8644 3.8462 1.4712
8.0000 3.8462 -0.6871
0.0000 4.0385 108.0290
0.1356 4.0385 107.2283
0.2712 4.0385 107.1996
0.4068 4.0385 107.4590
0.5424 4.0385 108.1032
0.6780 4.0385 109.2210
0.8136 4.0385 108.9406
0.9492 4.0385 108.2154
1.0847 4.0385 107.9589
1.2203 4.0385 108.1318
1.3559 4.0385 107.4123
1.4915 4.0385 105.7987
1.6271 4.0385 105.0754
1.7627 4.0385 104.7285
1.8983 4.0385 104.2265
2.0339 4.0385 103.4148
2.1695 4.0385 101.9320
2.3051 4.0385 99.8774
2.4407 4.0385 97.7212
2.5763 4.0385 96.0654
2.7119 4.0385 94.9970
2.8475 4.0385 93.7608
2.9831 4.0385 92.3938
3.1186 4.0385 91.0158
3.2542 4.0385 89.7657
3.3898 4.0385 88.3110
3.5254 4.0385 86.4450
3.6610 4.0385 84.3227
3.7966 4.0385 82.3255
3.9322 4.0385 80.8743
4.0678 4.0385 80.2898
4.2034 4.0385 80.4948
4.3390 4.0385 81.0702
4.4746 4.0385 81.2546
4.6102 4.0385 80.0141
4.7458 4.0385 77.7083
4.8814 4.0385 75.2998
5.0169 4.0385 71.7764
5.1525 4.0385 66.7770
5.2881 4.0385 60.9451
5.4237 4.0385 55.2559
5.5593 4.0385 47.2050
5.6949 4.0385 37.5066
5.8305 4.0385 28.4350
5.9661 4.0385 21.6097
6.1017 4.0385 17.6938
6.2373 4.0385 15.9028
6.3729 4.0385 15.6753
6.5085 4.0385 15.5528
6.6441 4.0385 13.8755
6.7797 4.0385 12.4712
6.9153 4.0385 11.8435
7.0508 4.0385 10.9388
7.1864 4.0385 9.0740
7.3220 4.0385 7.0774
7.4576 4.0385 5.9008
7.5932 4.0385 4.5608
7.7288 4.0385 2.9945
7.8644 4.0385 1.2777
8.0000 4.0385 -0.5746
0.0000 4.2308 107.7649
0.1356 4.2308 107.0923
0.2712 4.2308 107.1151
0.4068 4.2308 107.3068
0.5424 4.2308 107.5819
0.6780 4.2308 108.3477
0.8136 4.2308 108.7478
0.9492 4.2308 107.9850
1.0847 4.2308 107.6992
1.2203 4.2308 107.6930
1.3559 4.2308 106.2977
1.4915 4.2308 105.2305
1.6271 4.2308 104.6574
1.7627 4.2308 104.0964
1.8983 4.2308 103.4072
2.0339 4.2308 102.4799
2.1695 4.2308 100.9933
2.3051 4.2308 99.0633
2.4407 4.2308 96.9437
2.5763 4.2308 94.9167
2.7119 4.2308 93.4233
2.8475 4.2308 92.0504
2.9831 4.2308 90.4940
3.1186 4.2308 88.9273
3.2542 4.2308 87.4267
3.3898 4.2308 85.5875
3.5254 4.2308 83.3583
3.6610 4.2308 81.0608
3.7966 4.2308 79.0084
3.9322 4.2308 77.5153
4.0678 4.2308 76.8916
4.2034 4.2308 77.0168
4.3390 4.2308 77.4726
4.4746 4.2308 77.8068
4.6102 4.2308 77.1926
4.7458 4.2308 74.8498
4.8814 4.2308 72.1620
5.0169 4.2308 68.5188
5.1525 4.2308 63.3362
5.2881 4.2308 57.6613
5.4237 4.2308 50.9449
5.5593 4.2308 41.7460
5.6949 4.2308 32.0465
5.8305 4.2308 23.3040
5.9661 4.2308 16.5961
6.1017 4.2308 12.6163
6.2373 4.2308 10.6538
6.3729 4.2308 10.2386
6.5085 4.2308 10.7347
6.6441 4.2308 10.6086
6.7797 4.2308 9.1897
6.9153 4.2308 8.8088
7.0508 4.2308 8.2861
7.1864 4.2308 6.7873
7.3220 4.2308 5.7249
7.4576 4.2308 4.9268
7.5932 4.2308 3.8298
7.7288 4.2308 2.5399
7.8644 4.2308 1.1115
8.0000 4.2308 -0.4453
0.0000 4.4231 106.9198
0.1356 4.4231 106.4544
0.2712 4.4231 106.5974
0.4068 4.4231 106.7841
0.5424 4.4231 106.8862
0.6780 4.4231 107.1000
0.8136 4.4231 107.7360
0.9492 4.4231 107.1661
1.0847 4.4231 106.8510
1.2203 4.4231 106.3615
1.3559 4.4231 105.0730
1.4915 4.4231 104.3548
1.6271 4.4231 103.6461
1.7627 4.4231 102.8483
1.8983 4.4231 101.9719
2.0339 4.4231 100.9289
2.1695 4.4231 99.4386
2.3051 4.4231 97.6409
2.4407 4.4231 95.7193
2.5763 4.4231 93.6388
2.7119 4.4231 91.6658
2.8475 4.4231 90.0872
2.9831 4.4231 88.3461
3.1186 4.4231 86.5905
3.2542 4.4231 84.7685
3.3898 4.4231 82.5039
3.5254 4.4231 80.0159
3.6610 4.4231 77.6212
3.7966 4.4231 75.5220
3.9322 4.4231 73.9869
4.0678 4.4231 73.3240
4.2034 4.4231 73.3695
4.3390 4.4231 73.7141
4.4746 4.4231 73.9834
4.6102 4.4231 73.7243
4.7458 4.4231 72.0060
4.8814 4.4231 68.8871
5.0169 4.4231 65.1238
5.1525 4.4231 59.8238
5.2881 4.4231 54.0954
5.4237 4.4231 45.8217
5.5593 4.4231 36.2573
5.6949 4.4231 26.9430
5.8305 4.4231 18.5313
5.9661 4.4231 11.9409
6.1017 4.4231 7.8970
6.2373 4.4231 5.7632
6.3729 4.4231 5.1346
6.5085 4.4231 5.6542
6.6441 4.4231 6.6296
6.7797 4.4231 6.3221
6.9153 4.4231 5.9719
7.0508 4.4231 5.8313
7.1864 4.4231 4.9017
7.3220 4.4231 4.5810
7.4576 4.4231 3.9877
7.5932 4.4231 3.1373
7.7288 4.4231 2.1121
7.8644 4.4231 0.9607
8.0000 4.4231 -0.3113
0.0000 4.6154 105.4038
0.1356 4.6154 105.2248
0.2712 4.6154 105.4558
0.4068 4.6154 105.6351
0.5424 4.6154 105.7297
0.6780 4.6154 105.7113
0.8136 4.6154 105.7934
0.9492 4.6154 105.6659
1.0847 4.6154 105.3167
1.2203 4.6154 104.3548
1.3559 4.6154 103.5889
1.4915 4.6154 102.7978
1.6271 4.6154 101.8870
1.7627 4.6154 100.8873
1.8983 4.6154 99.8274
2.0339 4.6154 98.6687
2.1695 4.6154 97.1758
2.3051 4.6154 95.5378
2.4407 4.6154 93.8106
2.5763 4.6154 91.9319
2.7119 4.6154 89.8438
2.8475 4.6154 87.8493
2.9831 4.6154 85.9390
3.1186 4.6154 83.9679
3.2542 4.6154 81.7293
3.3898 4.6154 79.1279
3.5254 4.6154 76.4874
3.6610 4.6154 74.0061
3.7966 4.6154 71.8722
3.9322 4.6154 70.3005
4.0678 4.6154 69.5985
4.2034 4.6154 69.5699
4.3390 4.6154 69.8505
4.4746 4.6154 70.0567
4.6102 4.6154 69.7894
4.7458 4.6154 68.6043
4.8814 4.6154 65.5829
5.0169 4.6154 61.6187
5.1525 4.6154 56.3872
5.2881 4.6154 49.4640
5.4237 4.6154 40.5456
5.5593 4.6154 31.2914
5.6949 4.6154 22.3176
5.8305 4.6154 14.2276
5.9661 4.6154 7.7557
6.1017 4.6154 3.6479
6.2373 4.6154 1.3789
6.3729 4.6154 0.6428
6.5085 4.6154 1.0549
6.6441 4.6154 2.2174
6.7797 4.6154 3.4460
6.9153 4.6154 3.3986
7.0508 4.6154 3.6367
7.1864 4.6154 3.5196
7.3220 4.6154 3.4650
7.4576 4.6154 3.0933
7.5932 4.6154 2.4887
7.7288 4.6154 1.7094
7.8644 4.6154 0.8132
8.0000 4.6154 -0.1844
0.0000 4.8077 103.1271
0.1356 4.8077 103.2535
0.2712 4.8077 103.4826
0.4068 4.8077 103.6552
0.5424 4.8077 103.7431
0.6780 4.8077 103.7180
0.8136 4.8077 103.5517
0.9492 4.8077 103.3779
1.0847 4.8077 102.8274
1.2203 4.8077 102.1020
1.3559 4.8077 101.2969
1.4915 4.8077 100.3415
1.6271 4.8077 99.2666
1.7627 4.8077 98.1026
1.8983 4.8077 96.8802
2.0339 4.8077 95.6058
2.1695 4.8077 94.1558
2.3051 4.8077 92.6802
2.4407 4.8077 91.1330
2.5763 4.8077 89.4518
2.7119 4.8077 87.5748
2.8475 4.8077 85.4395
2.9831 4.8077 83.2617
3.1186 4.8077 81.0045
3.2542 4.8077 78.3688
3.3898 4.8077 75.5634
3.5254 4.8077 72.7822
3.6610 4.8077 70.2135
3.7966 4.8077 68.0458
3.9322 4.8077 66.4676
4.0678 4.8077 65.7265
4.2034 4.8077 65.6665
4.3390 4.8077 65.9313
4.4746 4.8077 66.1216
4.6102 4.8077 65.8385
4.7458 4.8077 64.6825
4.8814 4.8077 62.2286
5.0169 4.8077 58.0306
5.1525 4.8077 52.4032
5.2881 4.8077 44.6643
5.4237 4.8077 35.9983
5.5593 4.8077 27.0088
5.6949 4.8077 18.2996
5.8305 4.8077 10.4744
5.9661 4.8077 4.1526
6.1017 4.8077 -0.0148
6.2373 4.8077 -2.3009
6.3729 4.8077 -3.0409
6.5085 4.8077 -2.6328
6.6441 4.8077 -1.4742
6.7797 4.8077 0.0370
6.9153 4.8077 1.2705
7.0508 4.8077 1.7773
7.1864 4.8077 2.2588
7.3220 4.8077 2.4055
7.4576 4.8077 2.2610
7.5932 4.8077 1.8836
7.7288 4.8077 1.3316
7.8644 4.8077 0.6630
8.0000 4.8077 -0.0766
0.0000 5.0000 100.0000
0.1356 5.0000 100.2513
0.2712 5.0000 100.4743
0.4068 5.0000 100.6409
0.5424 5.0000 100.7228
0.6780 5.0000 100.6916
0.8136 5.0000 100.5193
0.9492 5.0000 100.1776
1.0847 5.0000 99.6362
1.2203 5.0000 98.8855
1.3559 5.0000 97.9539
1.4915 5.0000 96.8722
1.6271 5.0000 95.6708
1.7627 5.0000 94.3804
1.8983 5.0000 93.0315
2.0339 5.0000 91.6575
2.1695 5.0000 90.3217
2.3051 5.0000 88.9940
2.4407 5.0000 87.6123
2.5763 5.0000 86.1144
2.7119 5.0000 84.4381
2.8475 5.0000 82.5213
2.9831 5.0000 80.3018
3.1186 5.0000 77.7106
3.2542 5.0000 74.8211
3.3898 5.0000 71.8209
3.5254 5.0000 68.8983
3.6610 5.0000 66.2417
3.7966 5.0000 64.0395
3.9322 5.0000 62.4799
4.0678 5.0000 61.7390
4.2034 5.0000 61.7101
4.3390 5.0000 62.0061
4.4746 5.0000 62.2277
4.6102 5.0000 61.9758
4.7458 5.0000 60.8511
4.8814 5.0000 58.4544
5.0169 5.0000 54.3853
5.1525 5.0000 48.3662
5.2881 5.0000 40.8163
5.4237 5.0000 32.3393
5.5593 5.0000 23.5389
5.6949 5.0000 15.0188
5.8305 5.0000 7.3826
5.9661 5.0000 1.2340
6.1017 5.0000 -2.8938
6.2373 5.0000 -5.0803
6.3729 5.0000 -5.7208
6.5085 5.0000 -5.2131
6.6441 5.0000 -3.9549
6.7797 5.0000 -2.3442
6.9153 5.0000 -0.7787
7.0508 5.0000 0.3662
7.1864 5.0000 1.0709
7.3220 5.0000 1.4261
7.4576 5.0000 1.4903
7.5932 5.0000 1.3215
7.7288 5.0000 0.9781
7.8644 5.0000 0.5181
8.0000 5.0000 0.0000
0.0000 5.1923 95.9595
0.1356 5.1923 96.1012
0.2712 5.1923 96.3189
0.4068 5.1923 96.4801
0.5424 5.1923 96.5567
0.6780 5.1923 96.5202
0.8136 5.1923 96.3426
0.9492 5.1923 96.1236
1.0847 5.1923 95.5599
1.2203 5.1923 94.6664
1.3559 5.1923 93.6384
1.4915 5.1923 92.4602
1.6271 5.1923 91.1624
1.7627 5.1923 89.7756
1.8983 5.1923 88.3304
2.0339 5.1923 87.0063
2.1695 5.1923 85.6037
2.3051 5.1923 84.4310
2.4407 5.1923 83.2219
2.5763 5.1923 81.9143
2.7119 5.1923 80.4459
2.8475 5.1923 78.7546
2.9831 5.1923 76.7675
3.1186 5.1923 74.0751
3.2542 5.1923 70.9456
3.3898 5.1923 67.7587
3.5254 5.1923 64.7030
3.6610 5.1923 61.9666
3.7966 5.1923 59.7380
3.9322 5.1923 58.2983
4.0678 5.1923 57.6640
4.2034 5.1923 57.7063
4.3390 5.1923 58.0736
4.4746 5.1923 58.3665
4.6102 5.1923 58.1858
4.7458 5.1923 57.1323
4.8814 5.1923 54.7865
5.0169 5.1923 50.7328
5.1525 5.1923 45.4372
5.2881 5.1923 38.0042
5.4237 5.1923 29.6440
5.5593 5.1923 20.9605
5.6949 5.1923 12.5571
5.8305 5.1923 5.0378
5.9661 5.1923 -0.9783
6.1017 5.1923 -4.8450
6.2373 5.1923 -6.8319
6.3729 5.1923 -7.2728
6.5085 5.1923 -6.5655
6.6441 5.1923 -5.1078
6.7797 5.1923 -3.2975
6.9153 5.1923 -1.7466
7.0508 5.1923 -0.9028
7.1864 5.1923 0.0092
7.3220 5.1923 0.5523
7.4576 5.1923 0.8042
7.5932 5.1923 0.8232
7.7288 5.1923 0.6675
7.8644 5.1923 0.3954
8.0000 5.1923 0.0368
0.0000 5.3846 91.0497
0.1356 5.3846 90.9379
0.2712 5.3846 91.1473
0.4068 5.3846 91.3039
0.5424 5.3846 91.3759
0.6780 5.3846 91.3348
0.8136 5.3846 91.3412
0.9492 5.3846 91.1677
1.0847 5.3846 90.7618
1.2203 5.3846 89.7325
1.3559 5.3846 88.5745
1.4915 5.3846 87.3222
1.6271 5.3846 85.9502
1.7627 5.3846 84.4892
1.8983 5.3846 83.0001
2.0339 5.3846 81.8824
2.1695 5.3846 80.3448
2.3051 5.3846 79.0482
2.4407 5.3846 78.0402
2.5763 5.3846 76.9513
2.7119 5.3846 75.7194
2.8475 5.3846 74.2822
2.9831 5.3846 72.5171
3.1186 5.3846 69.9283
3.2542 5.3846 66.5934
3.3898 5.3846 63.2369
3.5254 5.3846 60.0648
3.6610 5.3846 57.2655
3.7966 5.3846 55.1406
3.9322 5.3846 54.0551
4.0678 5.3846 53.4761
4.2034 5.3846 53.6175
4.3390 5.3846 54.0886
4.4746 5.3846 54.4854
4.6102 5.3846 54.4086
4.7458 5.3846 53.4236
4.8814 5.3846 50.7044
5.0169 5.3846 46.9444
5.1525 5.3846 42.5146
5.2881 5.3846 36.1286
5.4237 5.3846 27.8279
5.5593 5.3846 19.1923
5.6949 5.3846 10.8371
5.8305 5.3846 3.3657
5.9661 5.3846 -2.4904
6.1017 5.3846 -5.9986
6.2373 5.3846 -7.6762
6.3729 5.3846 -7.8210
6.5085 5.3846 -6.8176
6.6441 5.3846 -5.0638
6.7797 5.3846 -3.2213
6.9153 5.3846 -2.6742
7.0508 5.3846 -1.8873
7.1864 5.3846 -0.9553
7.3220 5.3846 -0.2011
7.4576 5.3846 0.2155
7.5932 5.3846 0.3993
7.7288 5.3846 0.4084
7.8644 5.3846 0.3000
8.0000 5.3846 0.0385
0.0000 5.5769 85.3419
0.1356 5.5769 84.9914
0.2712 5.5769 85.1208
0.4068 5.5769 85.2735
0.5424 5.5769 85.3417
0.6780 5.5769 85.4721
0.8136 5.5769 85.9042
0.9492 5.5769 85.4070
1.0847 5.5769 85.0390
1.2203 5.5769 84.4036
1.3559 5.5769 82.9222
1.4915 5.5769 81.5631
1.6271 5.5769 80.1392
1.7627 5.5769 78.6262
1.8983 5.5769 77.2044
2.0339 5.5769 76.2761
2.1695 5.5769 74.9416
2.3051 5.5769 73.2214
2.4407 5.5769 72.1536
2.5763 5.5769 71.3090
2.7119 5.5769 70.3421
2.8475 5.5769 69.1762
2.9831 5.5769 67.6253
3.1186 5.5769 65.1688
3.2542 5.5769 61.7650
3.3898 5.5769 58.2556
3.5254 5.5769 54.9841
3.6610 5.5769 52.2568
3.7966 5.5769 50.6742
3.9322 5.5769 49.6879
4.0678 5.5769 49.1749
4.2034 5.5769 49.4274
4.3390 5.5769 50.0350
4.4746 5.5769 50.5683
4.6102 5.5769 50.5846
4.7458 5.5769 49.2595
4.8814 5.5769 46.4345
5.0169 5.5769 43.0414
5.1525 5.5769 38.9935
5.2881 5.5769 34.1634
5.4237 5.5769 26.7530
5.5593 5.5769 18.1245
5.6949 5.5769 9.7485
5.8305 5.5769 2.2745
5.9661 5.5769 -3.3890
6.1017 5.5769 -6.5344
6.2373 5.5769 -7.7891
6.3729 5.5769 -7.5413
6.5085 5.5769 -6.1453
6.6441 5.5769 -4.2701
6.7797 5.5769 -3.5498
6.9153 5.5769 -3.3076
7.0508 5.5769 -2.5920
7.1864 5.5769 -1.8636
7.3220 5.5769 -0.8932
7.4576 5.5769 -0.2918
7.5932 5.5769 0.0337
7.7288 5.5769 0.1845
7.8644 5.5769 0.1972
8.0000 5.5769 0.0129
0.0000 5.7692 78.9069
0.1356 5.7692 78.3804
0.2712 5.7692 78.4040
0.4068 5.7692 78.5511
0.5424 5.7692 78.7445
0.6780 5.7692 79.2944
0.8136 5.7692 79.5569
0.9492 5.7692 78.9241
1.0847 5.7692 78.5906
1.2203 5.7692 78.3263
1.3559 5.7692 76.9098
1.4915 5.7692 75.3265
1.6271 5.7692 73.8344
1.7627 5.7692 72.3078
1.8983 5.7692 70.9803
2.0339 5.7692 70.2160
2.1695 5.7692 69.0878
2.3051 5.7692 67.3734
2.4407 5.7692 65.8749
2.5763 5.7692 65.0753
2.7119 5.7692 64.3972
2.8475 5.7692 63.5042
2.9831 5.7692 62.1673
3.1186 5.7692 59.8432
3.2542 5.7692 56.4487
3.3898 5.7692 52.8153
3.5254 5.7692 49.5665
3.6610 5.7692 47.3074
3.7966 5.7692 46.1484
3.9322 5.7692 45.2075
4.0678 5.7692 44.7618
4.2034 5.7692 45.1272
4.3390 5.7692 45.8963
4.4746 5.7692 46.5626
4.6102 5.7692 46.3718
4.7458 5.7692 44.5820
4.8814 5.7692 42.0721
5.0169 5.7692 39.0343
5.1525 5.7692 35.3758
5.2881 5.7692 31.2749
5.4237 5.7692 25.6131
5.5593 5.7692 17.6185
5.6949 5.7692 9.1813
5.8305 5.7692 1.6994
5.9661 5.7692 -3.7704
6.1017 5.7692 -6.5530
6.2373 5.7692 -7.3496
6.3729 5.7692 -6.6097
6.5085 5.7692 -4.9403
6.6441 5.7692 -3.7824
6.7797 5.7692 -3.9587
6.9153 5.7692 -3.6897
7.0508 5.7692 -3.0459
7.1864 5.7692 -2.4589
7.3220 5.7692 -1.5869
7.4576 5.7692 -0.7652
7.5932 5.7692 -0.2898
7.7288 5.7692 -0.0210
7.8644 5.7692 0.0821
8.0000 5.7692 -0.0320
0.0000 5.9615 71.8160
0.1356 5.9615 71.1760
0.2712 5.9615 71.1481
0.4068 5.9615 71.3381
0.5424 5.9615 71.8080
0.6780 5.9615 72.6281
0.8136 5.9615 72.3858
0.9492 5.9615 71.7913
1.0847 5.9615 71.4923
1.2203 5.9615 71.3778
1.3559 5.9615 70.5201
1.4915 5.9615 68.7461
1.6271 5.9615 67.1430
1.7627 5.9615 65.6146
1.8983 5.9615 64.3564
2.0339 5.9615 63.7308
2.1695 5.9615 62.7973
2.3051 5.9615 61.3227
2.4407 5.9615 59.4990
2.5763 5.9615 58.4569
2.7119 5.9615 57.9624
2.8475 5.9615 57.3414
2.9831 5.9615 56.2186
3.1186 5.9615 54.0268
3.2542 5.9615 50.6450
3.3898 5.9615 46.9863
3.5254 5.9615 44.0944
3.6610 5.9615 42.5460
3.7966 5.9615 41.4829
3.9322 5.9615 40.6153
4.0678 5.9615 40.2379
4.2034 5.9615 40.7174
4.3390 5.9615 41.6502
4.4746 5.9615 42.2635
4.6102 5.9615 41.6273
4.7458 5.9615 39.7941
4.8814 5.9615 37.6161
5.0169 5.9615 34.9335
5.1525 5.9615 31.6685
5.2881 5.9615 27.9992
5.4237 5.9615 23.8041
5.5593 5.9615 17.1714
5.6949 5.9615 9.0330
5.8305 5.9615 1.5455
5.9661 5.9615 -3.7307
6.1017 5.9615 -6.1505
6.2373 5.9615 -6.4888
6.3729 5.9615 -5.2789
6.5085 5.9615 -3.8800
6.6441 5.9615 -3.8680
6.7797 5.9615 -4.0929
6.9153 5.9615 -3.8461
7.0508 5.9615 -3.2741
7.1864 5.9615 -2.7634
7.3220 5.9615 -2.1644
7.4576 5.9615 -1.2333
7.5932 5.9615 -0.5965
7.7288 5.9615 -0.2218
7.8644 5.9615 -0.0375
8.0000 5.9615 -0.0884
0.0000 6.1538 64.1401
0.1356 6.1538 63.4494
0.2712 6.1538 63.4326
0.4068 6.1538 63.7595
0.5424 6.1538 64.6127
0.6780 6.1538 65.0920
0.8136 6.1538 64.5922
0.9492 6.1538 64.0807
1.0847 6.1538 63.8163
1.2203 6.1538 63.7185
1.3559 6.1538 63.3389
1.4915 6.1538 61.8397
1.6271 6.1538 60.1167
1.7627 6.1538 58.5756
1.8983 6.1538 57.3613
2.0339 6.1538 56.8493
2.1695 6.1538 56.0865
2.3051 6.1538 54.8280
2.4407 6.1538 53.1810
2.5763 6.1538 51.6647
2.7119 6.1538 51.1188
2.8475 6.1538 50.7632
2.9831 6.1538 49.8545
3.1186 6.1538 47.7951
3.2542 6.1538 44.4260
3.3898 6.1538 40.9838
3.5254 6.1538 38.7919
3.6610 6.1538 37.6801
3.7966 6.1538 36.6912
3.9322 6.1538 35.9125
4.0678 6.1538 35.6047
4.2034 6.1538 36.1994
4.3390 6.1538 37.2274
4.4746 6.1538 37.5656
4.6102 6.1538 36.5127
4.7458 6.1538 34.9323
4.8814 6.1538 33.0768
5.0169 6.1538 30.7494
5.1525 6.1538 27.8780
5.2881 6.1538 24.6378
5.4237 6.1538 21.1034
5.5593 6.1538 16.3475
5.6949 6.1538 9.1465
5.8305 6.1538 1.7165
5.9661 6.1538 -3.3661
6.1017 6.1538 -5.4231
6.2373 6.1538 -5.3031
6.3729 6.1538 -3.9004
6.5085 6.1538 -3.2710
6.6441 6.1538 -3.8794
6.7797 6.1538 -3.9991
6.9153 6.1538 -3.8018
7.0508 6.1538 -3.3016
7.1864 6.1538 -2.8505
7.3220 6.1538 -2.4348
7.4576 6.1538 -1.6887
7.5932 6.1538 -0.8904
7.7288 6.1538 -0.4121
7.8644 6.1538 -0.1537
8.0000 6.1538 -0.1482
0.0000 6.3462 55.9504
0.1356 6.3462 55.2715
0.2712 6.3462 55.3284
0.4068 6.3462 55.8967
0.5424 6.3462 56.8330
0.6780 6.3462 56.8328
0.8136 6.3462 56.2930
0.9492 6.3462 55.8647
1.0847 6.3462 55.6348
1.2203 6.3462 55.5288
1.3559 6.3462 55.3876
1.4915 6.3462 54.5123
1.6271 6.3462 52.7705
1.7627 6.3462 51.2189
1.8983 6.3462 50.0237
2.0339 6.3462 49.5999
2.1695 6.3462 48.9827
2.3051 6.3462 47.9178
2.4407 6.3462 46.5788
2.5763 6.3462 44.8795
2.7119 6.3462 44.0225
2.8475 6.3462 43.8450
2.9831 6.3462 43.1504
3.1186 6.3462 41.2234
3.2542 6.3462 37.8922
3.3898 6.3462 35.0316
3.5254 6.3462 33.6618
3.6610 6.3462 32.6782
3.7966 6.3462 31.7884
3.9322 6.3462 31.1005
4.0678 6.3462 30.8634
4.2034 6.3462 31.5744
4.3390 6.3462 32.5387
4.4746 6.3462 32.3869
4.6102 6.3462 31.3245
4.7458 6.3462 30.0052
4.8814 6.3462 28.4646
5.0169 6.3462 26.4924
5.1525 6.3462 24.0145
5.2881 6.3462 21.2029
5.4237 6.3462 18.1776
5.5593 6.3462 14.7800
5.6949 6.3462 9.1753
5.8305 6.3462 2.1163
5.9661 6.3462 -2.7726
6.1017 6.3462 -4.4668
6.2373 6.3462 -3.8908
6.3729 6.3462 -2.7691
6.5085 6.3462 -3.1848
6.6441 6.3462 -3.6478
6.7797 6.3462 -3.7253
6.9153 6.3462 -3.5820
7.0508 6.3462 -3.1536
7.1864 6.3462 -2.7620
7.3220 6.3462 -2.4495
7.4576 6.3462 -1.9617
7.5932 6.3462 -1.1644
7.7288 6.3462 -0.5831
7.8644 6.3462 -0.2584
8.0000 6.3462 -0.2037
0.0000 6.5385 47.3178
0.1356 6.5385 46.7134
0.2712 6.5385 46.9137
0.4068 6.5385 47.8008
0.5424 6.5385 48.2713
0.6780 6.5385 48.0112
0.8136 6.5385 47.5606
0.9492 6.5385 47.2154
1.0847 6.5385 47.0199
1.2203 6.5385 46.9058
1.3559 6.5385 46.8243
1.4915 6.5385 46.4065
1.6271 6.5385 45.1194
1.7627 6.5385 43.5552
1.8983 6.5385 42.3723
2.0339 6.5385 42.0115
2.1695 6.5385 41.5146
2.3051 6.5385 40.6210
2.4407 6.5385 39.5509
2.5763 6.5385 38.1847
2.7119 6.5385 36.8569
2.8475 6.5385 36.6621
2.9831 6.5385 36.1817
3.1186 6.5385 34.3870
3.2542 6.5385 31.2827
3.3898 6.5385 29.3522
3.5254 6.5385 28.3974
3.6610 6.5385 27.5505
3.7966 6.5385 26.7765
3.9322 6.5385 26.1806
4.0678 6.5385 26.0152
4.2034 6.5385 26.8395
4.3390 6.5385 27.4949
4.4746 6.5385 26.9780
4.6102 6.5385 26.0732
4.7458 6.5385 25.0170
4.8814 6.5385 23.7899
5.0169 6.5385 22.1729
5.1525 6.5385 20.0886
5.2881 6.5385 17.7066
5.4237 6.5385 15.1767
5.5593 6.5385 12.4253
5.6949 6.5385 8.7526
5.8305 6.5385 2.6488
5.9661 6.5385 -2.0465
6.1017 6.5385 -3.3779
6.2373 6.5385 -2.4916
6.3729 6.5385 -2.1797
6.5085 6.5385 -2.9257
6.6441 6.5385 -3.2198
6.7797 6.5385 -3.3010
6.9153 6.5385 -3.2117
7.0508 6.5385 -2.8551
7.1864 6.5385 -2.5230
7.3220 6.5385 -2.2660
7.4576 6.5385 -1.9566
7.5932 6.5385 -1.4001
7.7288 6.5385 -0.7268
7.8644 6.5385 -0.3438
8.0000 6.5385 -0.2468
0.0000 6.7308 38.3135
0.1356 6.7308 37.8462
0.2712 6.7308 38.2702
0.4068 6.7308 39.0568
0.5424 6.7308 39.0882
0.6780 6.7308 38.7857
0.8136 6.7308 38.4671
0.9492 6.7308 38.2049
1.0847 6.7308 38.0440
1.2203 6.7308 37.9217
1.3559 6.7308 37.8075
1.4915 6.7308 37.6318
1.6271 6.7308 36.9872
1.7627 6.7308 35.5926
1.8983 6.7308 34.4357
2.0339 6.7308 34.1126
2.1695 6.7308 33.7107
2.3051 6.7308 32.9644
2.4407 6.7308 32.1259
2.5763 6.7308 31.1388
2.7119 6.7308 29.8025
2.8475 6.7308 29.2900
2.9831 6.7308 29.0237
3.1186 6.7308 27.3613
3.2542 6.7308 24.8280
3.3898 6.7308 23.7697
3.5254 6.7308 23.0008
3.6610 6.7308 22.3071
3.7966 6.7308 21.6569
3.9322 6.7308 21.1540
4.0678 6.7308 21.0616
4.2034 6.7308 21.9002
4.3390 6.7308 22.0437
4.4746 6.7308 21.5075
4.6102 6.7308 20.7676
4.7458 6.7308 19.9767
4.8814 6.7308 19.0631
5.0169 6.7308 17.8013
5.1525 6.7308 16.1106
5.2881 6.7308 14.1584
5.4237 6.7308 12.1130
5.5593 6.7308 9.9537
5.6949 6.7308 7.5118
5.8305 6.7308 3.1853
5.9661 6.7308 -1.2839
6.1017 6.7308 -2.2524
6.2373 6.7308 -1.4304
6.3729 6.7308 -1.9898
6.5085 6.7308 -2.4555
6.6441 6.7308 -2.6423
6.7797 6.7308 -2.7513
6.9153 6.7308 -2.7160
7.0508 6.7308 -2.4313
7.1864 6.7308 -2.1587
7.3220 6.7308 -1.9414
7.4576 6.7308 -1.7311
7.5932 6.7308 -1.4116
7.7288 6.7308 -0.8362
7.8644 6.7308 -0.4019
8.0000 6.7308 -0.2696
0.0000 6.9231 29.0085
0.1356 6.9231 28.7395
0.2712 6.9231 29.3824
0.4068 6.9231 29.6326
0.5424 6.9231 29.4678
0.6780 6.9231 29.2770
0.8136 6.9231 29.0847
0.9492 6.9231 28.9057
1.0847 6.9231 28.7793
1.2203 6.9231 28.6488
1.3559 6.9231 28.5027
1.4915 6.9231 28.3572
1.6271 6.9231 28.1361
1.7627 6.9231 27.3442
1.8983 6.9231 26.2425
2.0339 6.9231 25.9319
2.1695 6.9231 25.5998
2.3051 6.9231 24.9915
2.4407 6.9231 24.3528
2.5763 6.9231 23.6855
2.7119 6.9231 22.8136
2.8475 6.9231 21.8909
2.9831 6.9231 21.7517
3.1186 6.9231 20.2228
3.2542 6.9231 18.7191
3.3898 6.9231 18.0485
3.5254 6.9231 17.4788
3.6610 6.9231 16.9443
3.7966 6.9231 16.4307
3.9322 6.9231 16.0220
4.0678 6.9231 16.0036
4.2034 6.9231 16.6494
4.3390 6.9231 16.4596
4.4746 6.9231 15.9848
4.6102 6.9231 15.4407
4.7458 6.9231 14.8965
4.8814 6.9231 14.2947
5.0169 6.9231 13.3881
5.1525 6.9231 12.0909
5.2881 6.9231 10.5758
5.4237 6.9231 9.0162
5.5593 6.9231 7.4176
5.6949 6.9231 5.6654
5.8305 6.9231 3.2490
5.9661 6.9231 -0.5808
6.1017 6.9231 -1.1866
6.2373 6.9231 -0.9975
6.3729 6.9231 -1.5873
6.5085 6.9231 -1.8268
6.6441 6.9231 -1.9795
6.7797 6.9231 -2.1012
6.9153 6.9231 -2.1200
7.0508 6.9231 -1.9071
7.1864 6.9231 -1.6940
7.3220 6.9231 -1.5171
7.4576 6.9231 -1.3505
7.5932 6.9231 -1.1804
7.7288 6.9231 -0.8712
7.8644 6.9231 -0.4241
8.0000 6.9231 -0.2643
0.0000 7.1154 19.4739
0.1356 7.1154 19.4606
0.2712 7.1154 19.8374
0.4068 7.1154 19.7644
0.5424 7.1154 19.6731
0.6780 7.1154 19.5803
0.8136 7.1154 19.4866
0.9492 7.1154 19.3897
1.0847 7.1154 19.2978
1.2203 7.1154 19.1676
1.3559 7.1154 19.0300
1.4915 7.1154 18.8931
1.6271 7.1154 18.7568
1.7627 7.1154 18.5517
1.8983 7.1154 17.8096
2.0339 7.1154 17.4982
2.1695 7.1154 17.2123
2.3051 7.1154 16.7895
2.4407 7.1154 16.3613
2.5763 7.1154 15.9140
2.7119 7.1154 15.4317
2.8475 7.1154 14.7073
2.9831 7.1154 14.4412
3.1186 7.1154 13.2429
3.2542 7.1154 12.6177
3.3898 7.1154 12.1883
3.5254 7.1154 11.8001
3.6610 7.1154 11.4377
3.7966 7.1154 11.0917
3.9322 7.1154 10.7860
4.0678 7.1154 10.8428
4.2034 7.1154 11.0805
4.3390 7.1154 10.8288
4.4746 7.1154 10.4984
4.6102 7.1154 10.1615
4.7458 7.1154 9.8268
4.8814 7.1154 9.4951
5.0169 7.1154 8.9436
5.1525 7.1154 8.0400
5.2881 7.1154 7.0085
5.4237 7.1154 5.9618
5.5593 7.1154 4.8823
5.6949 7.1154 3.7522
5.8305 7.1154 2.4435
5.9661 7.1154 -0.0336
6.1017 7.1154 -0.3566
6.2373 7.1154 -0.7725
6.3729 7.1154 -1.0274
6.5085 7.1154 -1.1864
6.6441 7.1154 -1.3029
6.7797 7.1154 -1.3934
6.9153 7.1154 -1.4488
7.0508 7.1154 -1.3077
7.1864 7.1154 -1.1539
7.3220 7.1154 -1.0227
7.4576 7.1154 -0.9028
7.5932 7.1154 -0.7890
7.7288 7.1154 -0.6706
7.8644 7.1154 -0.3981
8.0000 7.1154 -0.2228
0.0000 7.3077 9.7807
0.1356 7.3077 9.8955
0.2712 7.3077 9.8766
0.4068 7.3077 9.8498
0.5424 7.3077 9.8213
0.6780 7.3077 9.7914
0.8136 7.3077 9.7608
0.9492 7.3077 9.7294
1.0847 7.3077 9.6721
1.2203 7.3077 9.5823
1.3559 7.3077 9.4932
1.4915 7.3077 9.4047
1.6271 7.3077 9.3168
1.7627 7.3077 9.2295
1.8983 7.3077 9.0931
2.0339 7.3077 8.8400
2.1695 7.3077 8.6497
2.3051 7.3077 8.4494
2.4407 7.3077 8.2475
2.5763 7.3077 8.0303
2.7119 7.3077 7.7845
2.8475 7.3077 7.4965
2.9831 7.3077 7.1675
3.1186 7.3077 6.6325
3.2542 7.3077 6.3584
3.3898 7.3077 6.1297
3.5254 7.3077 5.9336
3.6610 7.3077 5.7607
3.7966 7.3077 5.6015
3.9322 7.3077 5.4471
4.0678 7.3077 5.5190
4.2034 7.3077 5.4543
4.3390 7.3077 5.3092
4.4746 7.3077 5.1512
4.6102 7.3077 4.9893
4.7458 7.3077 4.8321
4.8814 7.3077 4.6886
5.0169 7.3077 4.4783
5.1525 7.3077 4.0047
5.2881 7.3077 3.5094
5.4237 7.3077 3.0039
5.5593 7.3077 2.4707
5.6949 7.3077 1.8920
5.8305 7.3077 1.2500
5.9661 7.3077 0.2617
6.1017 7.3077 -0.1685
6.2373 7.3077 -0.4061
6.3729 7.3077 -0.5462
6.5085 7.3077 -0.6318
6.6441 7.3077 -0.6796
6.7797 7.3077 -0.7061
6.9153 7.3077 -0.7278
7.0508 7.3077 -0.6581
7.1864 7.3077 -0.5638
7.3220 7.3077 -0.4879
7.4576 7.3077 -0.4248
7.5932 7.3077 -0.3693
7.7288 7.3077 -0.3161
7.8644 7.3077 -0.2583
8.0000 7.3077 -0.1374
0.0000 7.5000 0.0000
0.1356 7.5000 0.0057
0.2712 7.5000 0.0086
0.4068 7.5000 0.0094
0.5424 7.5000 0.0084
0.6780 7.5000 0.0064
0.8136 7.5000 0.0037
0.9492 7.5000 0.0009
1.0847 7.5000 -0.0014
1.2203 7.5000 -0.0030
1.3559 7.5000 -0.0040
1.4915 7.5000 -0.0044
1.6271 7.5000 -0.0041
1.7627 7.5000 -0.0031
1.8983 7.5000 -0.0016
2.0339 7.5000 0.0016
2.1695 7.5000 0.0240
2.3051 7.5000 0.0621
2.4407 7.5000 0.1024
2.5763 7.5000 0.1314
2.7119 7.5000 0.1355
2.8475 7.5000 0.1013
2.9831 7.5000 0.0151
3.1186 7.5000 -0.0885
3.2542 7.5000 -0.1443
3.3898 7.5000 -0.1606
3.5254 7.5000 -0.1471
3.6610 7.5000 -0.1130
3.7966 7.5000 -0.0679
3.9322 7.5000 -0.0211
4.0678 7.5000 0.0158
4.2034 7.5000 0.0277
4.3390 7.5000 0.0204
4.4746 7.5000 0.0028
4.6102 7.5000 -0.0163
4.7458 7.5000 -0.0281
4.8814 7.5000 -0.0239
5.0169 7.5000 0.0053
5.1525 7.5000 0.0619
5.2881 7.5000 0.1311
5.4237 7.5000 0.1953
5.5593 7.5000 0.2368
5.6949 7.5000 0.2377
5.8305 7.5000 0.1804
5.9661 7.5000 0.0472
6.1017 7.5000 -0.1252
6.2373 7.5000 -0.2209
6.3729 7.5000 -0.2503
6.5085 7.5000 -0.2301
6.6441 7.5000 -0.1767
6.7797 7.5000 -0.1067
6.9153 7.5000 -0.0365
7.0508 7.5000 0.0174
7.1864 7.5000 0.0473
7.3220 7.5000 0.0577
7.4576 7.5000 0.0539
7.5932 7.5000 0.0409
7.7288 7.5000 0.0241
7.8644 7.5000 0.0087
8.0000 7.5000 0.0000
