angle radius accuracy
-20.0000 0.5000 22.2000
-19.3220 0.5000 28.6960
-18.6441 0.5000 35.1581
-17.9661 0.5000 41.5526
-17.2881 0.5000 47.8455
-16.6102 0.5000 54.0031
-15.9322 0.5000 59.9915
-15.2542 0.5000 65.7768
-14.5763 0.5000 71.3253
-13.8983 0.5000 76.6030
-13.2203 0.5000 81.5762
-12.5424 0.5000 86.2110
-11.8644 0.5000 90.4736
-11.1864 0.5000 94.3301
-10.5085 0.5000 97.7466
-9.8305 0.5000 100.6764
-9.1525 0.5000 102.8320
-8.4746 0.5000 104.1762
-7.7966 0.5000 104.8010
-7.1186 0.5000 104.7983
-6.4407 0.5000 104.2599
-5.7627 0.5000 103.2779
-5.0847 0.5000 101.9439
-4.4068 0.5000 100.3501
-3.7288 0.5000 98.5881
-3.0508 0.5000 96.7500
-2.3729 0.5000 94.9277
-1.6949 0.5000 93.2129
-1.0169 0.5000 91.6977
-0.3390 0.5000 90.4739
0.3390 0.5000 89.6302
1.0169 0.5000 89.1804
1.6949 0.5000 89.0639
2.3729 0.5000 89.2165
3.0508 0.5000 89.5744
3.7288 0.5000 90.0734
4.4068 0.5000 90.6496
5.0847 0.5000 91.2388
5.7627 0.5000 91.7772
6.4407 0.5000 92.2006
7.1186 0.5000 92.4451
7.7966 0.5000 92.4467
8.4746 0.5000 92.1412
9.1525 0.5000 91.4648
9.8305 0.5000 90.3533
10.5085 0.5000 88.8399
11.1864 0.5000 87.1370
11.8644 0.5000 85.2675
12.5424 0.5000 83.2441
13.2203 0.5000 81.0797
13.8983 0.5000 78.7871
14.5763 0.5000 76.3791
15.2542 0.5000 73.8685
15.9322 0.5000 71.2683
16.6102 0.5000 68.5911
17.2881 0.5000 65.8498
17.9661 0.5000 63.0572
18.6441 0.5000 60.2262
19.3220 0.5000 57.3695
20.0000 0.5000 54.5000
-20.0000 0.6026 19.3020
-19.3220 0.6026 26.0048
-18.6441 0.6026 32.8352
-17.9661 0.6026 39.5958
-17.2881 0.6026 46.2293
-16.6102 0.6026 52.7018
-15.9322 0.6026 58.9796
-15.2542 0.6026 65.0287
-14.5763 0.6026 70.8153
-13.8983 0.6026 76.3057
-13.2203 0.6026 81.4659
-12.5424 0.6026 86.2620
-11.8644 0.6026 90.6625
-11.1864 0.6026 94.6750
-10.5085 0.6026 98.4205
-9.8305 0.6026 101.6152
-9.1525 0.6026 103.9745
-8.4746 0.6026 106.0147
-7.7966 0.6026 107.1761
-7.1186 0.6026 107.6098
-6.4407 0.6026 107.4384
-5.7627 0.6026 106.7537
-5.0847 0.6026 105.6476
-4.4068 0.6026 104.2121
-3.7288 0.6026 102.5390
-3.0508 0.6026 100.7203
-2.3729 0.6026 98.8478
-1.6949 0.6026 97.0134
-1.0169 0.6026 95.3090
-0.3390 0.6026 93.9388
0.3390 0.6026 93.1420
1.0169 0.6026 92.8381
1.6949 0.6026 92.8687
2.3729 0.6026 93.1200
3.0508 0.6026 93.5281
3.7288 0.6026 94.0290
4.4068 0.6026 94.5585
5.0847 0.6026 95.0528
5.7627 0.6026 95.4477
6.4407 0.6026 95.6793
7.1186 0.6026 95.6835
7.7966 0.6026 95.3963
8.4746 0.6026 94.7181
9.1525 0.6026 93.5027
9.8305 0.6026 92.1477
10.5085 0.6026 90.4560
11.1864 0.6026 88.5856
11.8644 0.6026 86.6065
12.5424 0.6026 84.4440
13.2203 0.6026 82.1299
13.8983 0.6026 79.6780
14.5763 0.6026 77.1009
15.2542 0.6026 74.4116
15.9322 0.6026 71.6228
16.6102 0.6026 68.7475
17.2881 0.6026 65.7983
17.9661 0.6026 62.7882
18.6441 0.6026 59.7299
19.3220 0.6026 56.6384
20.0000 0.6026 53.5420
-20.0000 0.7051 16.4437
-19.3220 0.7051 23.2591
-18.6441 0.7051 30.2358
-17.9661 0.7051 37.2640
-17.2881 0.7051 44.2016
-16.6102 0.7051 50.9527
-15.9322 0.7051 57.4835
-15.2542 0.7051 63.7600
-14.5763 0.7051 69.7484
-13.8983 0.7051 75.4164
-13.2203 0.7051 80.7552
-12.5424 0.7051 85.7483
-11.8644 0.7051 90.3903
-11.1864 0.7051 94.9619
-10.5085 0.7051 99.2240
-9.8305 0.7051 102.4988
-9.1525 0.7051 104.8574
-8.4746 0.7051 106.6257
-7.7966 0.7051 108.4117
-7.1186 0.7051 109.5769
-6.4407 0.7051 109.9106
-5.7627 0.7051 109.5661
-5.0847 0.7051 108.7101
-4.4068 0.7051 107.4552
-3.7288 0.7051 105.8932
-3.0508 0.7051 104.1160
-2.3729 0.7051 102.2155
-1.6949 0.7051 100.3003
-1.0169 0.7051 98.5910
-0.3390 0.7051 97.2885
0.3390 0.7051 96.5567
1.0169 0.7051 96.3094
1.6949 0.7051 96.4184
2.3729 0.7051 96.7662
3.0508 0.7051 97.2298
3.7288 0.7051 97.7376
4.4068 0.7051 98.2257
5.0847 0.7051 98.6301
5.7627 0.7051 98.8867
6.4407 0.7051 98.9082
7.1186 0.7051 98.5506
7.7966 0.7051 97.6906
8.4746 0.7051 96.4570
9.1525 0.7051 95.2930
9.8305 0.7051 93.8918
10.5085 0.7051 92.1061
11.1864 0.7051 89.9075
11.8644 0.7051 87.6405
12.5424 0.7051 85.4132
13.2203 0.7051 83.0005
13.8983 0.7051 80.4126
14.5763 0.7051 77.6767
15.2542 0.7051 74.8182
15.9322 0.7051 71.8505
16.6102 0.7051 68.7866
17.2881 0.7051 65.6391
17.9661 0.7051 62.4210
18.6441 0.7051 59.1510
19.3220 0.7051 55.8534
20.0000 0.7051 52.5503
-20.0000 0.8077 13.6646
-19.3220 0.8077 20.6056
-18.6441 0.8077 27.7235
-17.9661 0.8077 34.9085
-17.2881 0.8077 42.0506
-16.6102 0.8077 49.0393
-15.9322 0.8077 55.7871
-15.2542 0.8077 62.2636
-14.5763 0.8077 68.4464
-13.8983 0.8077 74.3119
-13.2203 0.8077 79.8368
-12.5424 0.8077 85.1429
-11.8644 0.8077 90.4617
-11.1864 0.8077 95.5871
-10.5085 0.8077 99.9122
-9.8305 0.8077 103.2670
-9.1525 0.8077 105.7372
-8.4746 0.8077 107.4378
-7.7966 0.8077 108.7323
-7.1186 0.8077 110.0542
-6.4407 0.8077 111.2422
-5.7627 0.8077 111.5878
-5.0847 0.8077 111.1925
-4.4068 0.8077 110.2089
-3.7288 0.8077 108.7891
-3.0508 0.8077 107.0757
-2.3729 0.8077 105.1992
-1.6949 0.8077 103.3454
-1.0169 0.8077 101.7055
-0.3390 0.8077 100.4707
0.3390 0.8077 99.8039
1.0169 0.8077 99.6132
1.6949 0.8077 99.7695
2.3729 0.8077 100.1594
3.0508 0.8077 100.6694
3.7288 0.8077 101.1894
4.4068 0.8077 101.6318
5.0847 0.8077 101.8824
5.7627 0.8077 101.8185
6.4407 0.8077 101.3177
7.1186 0.8077 100.2924
7.7966 0.8077 99.2195
8.4746 0.8077 98.2143
9.1525 0.8077 97.0460
9.8305 0.8077 95.5421
10.5085 0.8077 93.6624
11.1864 0.8077 91.3704
11.8644 0.8077 88.7386
12.5424 0.8077 86.0823
13.2203 0.8077 83.5295
13.8983 0.8077 80.8848
14.5763 0.8077 78.0535
15.2542 0.8077 75.0602
15.9322 0.8077 71.9298
16.6102 0.8077 68.6871
17.2881 0.8077 65.3514
17.9661 0.8077 61.9419
18.6441 0.8077 58.4807
19.3220 0.8077 54.9897
20.0000 0.8077 51.4911
-20.0000 0.9103 11.0043
-19.3220 0.9103 18.0840
-18.6441 0.9103 25.3563
-17.9661 0.9103 32.7112
-17.2881 0.9103 40.0388
-16.6102 0.9103 47.2175
-15.9322 0.9103 54.1360
-15.2542 0.9103 60.7659
-14.5763 0.9103 67.0837
-13.8983 0.9103 73.0884
-13.2203 0.9103 79.0776
-12.5424 0.9103 85.0511
-11.8644 0.9103 90.8617
-11.1864 0.9103 96.0615
-10.5085 0.9103 100.4256
-9.8305 0.9103 103.8606
-9.1525 0.9103 106.4423
-8.4746 0.9103 108.2821
-7.7966 0.9103 109.4645
-7.1186 0.9103 110.3636
-6.4407 0.9103 111.2443
-5.7627 0.9103 112.2287
-5.0847 0.9103 112.6536
-4.4068 0.9103 112.2762
-3.7288 0.9103 111.2486
-3.0508 0.9103 109.7233
-2.3729 0.9103 107.9217
-1.6949 0.9103 106.1392
-1.0169 0.9103 104.5688
-0.3390 0.9103 103.4017
0.3390 0.9103 102.7999
1.0169 0.9103 102.6657
1.6949 0.9103 102.8693
2.3729 0.9103 103.2972
3.0508 0.9103 103.8345
3.7288 0.9103 104.2886
4.4068 0.9103 104.4939
5.0847 0.9103 104.3278
5.7627 0.9103 103.6679
6.4407 0.9103 102.6650
7.1186 0.9103 101.7726
7.7966 0.9103 100.9129
8.4746 0.9103 99.9355
9.1525 0.9103 98.6575
9.8305 0.9103 97.0510
10.5085 0.9103 95.0773
11.1864 0.9103 92.7041
11.8644 0.9103 89.9643
12.5424 0.9103 86.9597
13.2203 0.9103 83.9321
13.8983 0.9103 80.9834
14.5763 0.9103 78.1016
15.2542 0.9103 75.0401
15.9322 0.9103 71.8051
16.6102 0.9103 68.4214
17.2881 0.9103 64.9153
17.9661 0.9103 61.3280
18.6441 0.9103 57.6868
19.3220 0.9103 54.0136
20.0000 0.9103 50.3306
-20.0000 1.0128 8.5025
-19.3220 1.0128 15.7341
-18.6441 1.0128 23.1737
-17.9661 1.0128 30.7116
-17.2881 1.0128 38.2243
-16.6102 1.0128 45.5105
-15.9322 1.0128 52.5131
-15.2542 1.0128 59.2087
-14.5763 1.0128 65.7348
-13.8983 1.0128 72.3258
-13.2203 1.0128 78.8613
-12.5424 1.0128 85.2120
-11.8644 1.0128 91.1042
-11.1864 1.0128 96.3017
-10.5085 1.0128 100.7050
-9.8305 1.0128 104.2200
-9.1525 1.0128 106.9133
-8.4746 1.0128 108.8924
-7.7966 1.0128 110.2311
-7.1186 1.0128 111.0319
-6.4407 1.0128 111.5889
-5.7627 1.0128 112.0815
-5.0847 1.0128 112.6561
-4.4068 1.0128 113.1667
-3.7288 1.0128 112.8747
-3.0508 1.0128 111.8708
-2.3729 1.0128 110.3094
-1.6949 1.0128 108.5981
-1.0169 1.0128 107.0971
-0.3390 1.0128 105.9977
0.3390 1.0128 105.4609
1.0169 1.0128 105.3834
1.6949 1.0128 105.6342
2.3729 1.0128 106.1000
3.0508 1.0128 106.5487
3.7288 1.0128 106.6928
4.4068 1.0128 106.4088
5.0847 1.0128 105.6162
5.7627 1.0128 104.8114
6.4407 1.0128 104.0987
7.1186 1.0128 103.3837
7.7966 1.0128 102.5564
8.4746 1.0128 101.4676
9.1525 1.0128 100.0800
9.8305 1.0128 98.3708
10.5085 1.0128 96.3031
11.1864 1.0128 93.8488
11.8644 1.0128 91.0409
12.5424 1.0128 87.9147
13.2203 1.0128 84.5815
13.8983 1.0128 81.2005
14.5763 1.0128 77.8648
15.2542 1.0128 74.6603
15.9322 1.0128 71.3819
16.6102 1.0128 67.9185
17.2881 1.0128 64.2949
17.9661 1.0128 60.5457
18.6441 1.0128 56.7356
19.3220 1.0128 52.8913
20.0000 1.0128 49.0350
-20.0000 1.1154 6.1987
-19.3220 1.1154 13.5952
-18.6441 1.1154 21.2154
-17.9661 1.1154 28.9458
-17.2881 1.1154 36.5251
-16.6102 1.1154 43.8259
-15.9322 1.1154 50.8523
-15.2542 1.1154 57.9183
-14.5763 1.1154 65.0186
-13.8983 1.1154 72.0237
-13.2203 1.1154 78.8044
-12.5424 1.1154 85.2046
-11.8644 1.1154 91.0532
-11.1864 1.1154 96.2485
-10.5085 1.1154 100.6909
-9.8305 1.1154 104.2860
-9.1525 1.1154 107.0909
-8.4746 1.1154 109.2091
-7.7966 1.1154 110.7147
-7.1186 1.1154 111.6817
-6.4407 1.1154 112.2094
-5.7627 1.1154 112.4774
-5.0847 1.1154 112.6350
-4.4068 1.1154 112.8286
-3.7288 1.1154 113.1856
-3.0508 1.1154 113.0465
-2.3729 1.1154 112.1340
-1.6949 1.1154 110.6382
-1.0169 1.1154 109.2068
-0.3390 1.1154 108.1751
0.3390 1.1154 107.7033
1.0169 1.1154 107.6823
1.6949 1.1154 107.9804
2.3729 1.1154 108.3849
3.0508 1.1154 108.4522
3.7288 1.1154 108.0343
4.4068 1.1154 107.3049
5.0847 1.1154 106.7141
5.7627 1.1154 106.1804
6.4407 1.1154 105.6092
7.1186 1.1154 104.9048
7.7966 1.1154 103.9686
8.4746 1.1154 102.7632
9.1525 1.1154 101.2659
9.8305 1.1154 99.4540
10.5085 1.1154 97.2923
11.1864 1.1154 94.7569
11.8644 1.1154 91.8809
12.5424 1.1154 88.6996
13.2203 1.1154 85.2494
13.8983 1.1154 81.6144
14.5763 1.1154 77.8980
15.2542 1.1154 74.1933
15.9322 1.1154 70.5936
16.6102 1.1154 67.0885
17.2881 1.1154 63.4101
17.9661 1.1154 59.5599
18.6441 1.1154 55.5932
19.3220 1.1154 51.5891
20.0000 1.1154 47.5707
-20.0000 1.2179 4.1327
-19.3220 1.2179 11.7072
-18.6441 1.2179 19.5210
-17.9661 1.2179 27.3178
-17.2881 1.2179 34.8425
-16.6102 1.2179 42.2479
-15.9322 1.2179 49.7703
-15.2542 1.2179 57.2873
-14.5763 1.2179 64.6695
-13.8983 1.2179 71.7842
-13.2203 1.2179 78.5279
-12.5424 1.2179 84.8442
-11.8644 1.2179 90.6493
-11.1864 1.2179 95.8424
-10.5085 1.2179 100.3240
-9.8305 1.2179 103.9990
-9.1525 1.2179 106.9155
-8.4746 1.2179 109.1730
-7.7966 1.2179 110.8455
-7.1186 1.2179 112.0070
-6.4407 1.2179 112.7277
-5.7627 1.2179 113.0656
-5.0847 1.2179 113.0983
-4.4068 1.2179 112.9742
-3.7288 1.2179 112.8399
-3.0508 1.2179 112.8419
-2.3729 1.2179 112.8502
-1.6949 1.2179 112.0966
-1.0169 1.2179 110.8140
-0.3390 1.2179 109.8500
0.3390 1.2179 109.4432
1.0169 1.2179 109.4788
1.6949 1.2179 109.7701
2.3729 1.2179 109.7446
3.0508 1.2179 109.2273
3.7288 1.2179 108.7333
4.4068 1.2179 108.3556
5.0847 1.2179 107.9999
5.7627 1.2179 107.5713
6.4407 1.2179 106.9727
7.1186 1.2179 106.1565
7.7966 1.2179 105.0967
8.4746 1.2179 103.7746
9.1525 1.2179 102.1676
9.8305 1.2179 100.2531
10.5085 1.2179 97.9974
11.1864 1.2179 95.3809
11.8644 1.2179 92.4368
12.5424 1.2179 89.2004
13.2203 1.2179 85.7062
13.8983 1.2179 81.9843
14.5763 1.2179 78.0689
15.2542 1.2179 74.0351
15.9322 1.2179 69.9794
16.6102 1.2179 65.9950
17.2881 1.2179 62.1694
17.9661 1.2179 58.2892
18.6441 1.2179 54.2261
19.3220 1.2179 50.0732
20.0000 1.2179 45.9038
-20.0000 1.3205 2.3439
-19.3220 1.3205 10.1096
-18.6441 1.3205 18.0266
-17.9661 1.3205 25.7336
-17.2881 1.3205 33.5357
-16.6102 1.3205 41.4220
-15.9322 1.3205 49.2439
-15.2542 1.3205 56.8543
-14.5763 1.3205 64.1963
-13.8983 1.3205 71.2177
-13.2203 1.3205 77.8659
-12.5424 1.3205 84.0885
-11.8644 1.3205 89.8333
-11.1864 1.3205 95.0240
-10.5085 1.3205 99.5447
-9.8305 1.3205 103.2998
-9.1525 1.3205 106.3279
-8.4746 1.3205 108.7246
-7.7966 1.3205 110.5634
-7.1186 1.3205 111.9080
-6.4407 1.3205 112.8143
-5.7627 1.3205 113.3377
-5.0847 1.3205 113.5337
-4.4068 1.3205 113.4578
-3.7288 1.3205 113.1656
-3.0508 1.3205 112.7592
-2.3729 1.3205 112.4405
-1.6949 1.3205 112.3443
-1.0169 1.3205 111.8173
-0.3390 1.3205 110.9388
0.3390 1.3205 110.5969
1.0169 1.3205 110.6771
1.6949 1.3205 110.5430
2.3729 1.3205 110.1303
3.0508 1.3205 109.8837
3.7288 1.3205 109.7165
4.4068 1.3205 109.4915
5.0847 1.3205 109.1431
5.7627 1.3205 108.6399
6.4407 1.3205 107.9505
7.1186 1.3205 107.0436
7.7966 1.3205 105.8878
8.4746 1.3205 104.4543
9.1525 1.3205 102.7376
9.8305 1.3205 100.7204
10.5085 1.3205 98.3708
11.1864 1.3205 95.6731
11.8644 1.3205 92.6608
12.5424 1.3205 89.3608
13.2203 1.3205 85.8004
13.8983 1.3205 82.0121
14.5763 1.3205 78.0284
15.2542 1.3205 73.8817
15.9322 1.3205 69.6046
16.6102 1.3205 65.2336
17.2881 1.3205 60.8825
17.9661 1.3205 56.6624
18.6441 1.3205 52.5653
19.3220 1.3205 48.3098
20.0000 1.3205 44.0007
-20.0000 1.4231 0.8721
-19.3220 1.4231 8.7896
-18.6441 1.4231 16.7339
-17.9661 1.4231 24.8094
-17.2881 1.4231 32.8321
-16.6102 1.4231 40.7436
-15.9322 1.4231 48.4916
-15.2542 1.4231 56.0235
-14.5763 1.4231 63.2871
-13.8983 1.4231 70.2300
-13.2203 1.4231 76.7997
-12.5424 1.4231 82.9439
-11.8644 1.4231 88.6103
-11.1864 1.4231 93.7464
-10.5085 1.4231 98.2938
-9.8305 1.4231 102.1290
-9.1525 1.4231 105.2686
-8.4746 1.4231 107.8008
-7.7966 1.4231 109.7835
-7.1186 1.4231 111.2724
-6.4407 1.4231 112.3229
-5.7627 1.4231 112.9904
-5.0847 1.4231 113.3307
-4.4068 1.4231 113.3990
-3.7288 1.4231 113.2510
-3.0508 1.4231 112.9422
-2.3729 1.4231 112.5281
-1.6949 1.4231 112.0642
-1.0169 1.4231 111.6737
-0.3390 1.4231 111.3576
0.3390 1.4231 111.0808
1.0169 1.4231 110.8792
1.6949 1.4231 110.7346
2.3729 1.4231 110.6422
3.0508 1.4231 110.5203
3.7288 1.4231 110.3378
4.4068 1.4231 110.0631
5.0847 1.4231 109.6650
5.7627 1.4231 109.1121
6.4407 1.4231 108.3730
7.1186 1.4231 107.4165
7.7966 1.4231 106.2110
8.4746 1.4231 104.7253
9.1525 1.4231 102.9280
9.8305 1.4231 100.8085
10.5085 1.4231 98.3648
11.1864 1.4231 95.5817
11.8644 1.4231 92.4748
12.5424 1.4231 89.0751
13.2203 1.4231 85.4151
13.8983 1.4231 81.5271
14.5763 1.4231 77.4437
15.2542 1.4231 73.1975
15.9322 1.4231 68.8207
16.6102 1.4231 64.3460
17.2881 1.4231 59.8058
17.9661 1.4231 55.2326
18.6441 1.4231 50.6642
19.3220 1.4231 46.2479
20.0000 1.4231 41.8275
-20.0000 1.5256 -0.2435
-19.3220 1.5256 7.6836
-18.6441 1.5256 15.7114
-17.9661 1.5256 23.7327
-17.2881 1.5256 31.6952
-16.6102 1.5256 39.5465
-15.9322 1.5256 47.2342
-15.2542 1.5256 54.7059
-14.5763 1.5256 61.9093
-13.8983 1.5256 68.7920
-13.2203 1.5256 75.3015
-12.5424 1.5256 81.3855
-11.8644 1.5256 86.9917
-11.1864 1.5256 92.0675
-10.5085 1.5256 96.5607
-9.8305 1.5256 100.4207
-9.1525 1.5256 103.6586
-8.4746 1.5256 106.2924
-7.7966 1.5256 108.3767
-7.1186 1.5256 109.9672
-6.4407 1.5256 111.1192
-5.7627 1.5256 111.8884
-5.0847 1.5256 112.3302
-4.4068 1.5256 112.5002
-3.7288 1.5256 112.4538
-3.0508 1.5256 112.2465
-2.3729 1.5256 111.9340
-1.6949 1.5256 111.5716
-1.0169 1.5256 111.2150
-0.3390 1.5256 110.9331
0.3390 1.5256 110.7627
1.0169 1.5256 110.6189
1.6949 1.5256 110.5156
2.3729 1.5256 110.4142
3.0508 1.5256 110.2835
3.7288 1.5256 110.0921
4.4068 1.5256 109.8086
5.0847 1.5256 109.4016
5.7627 1.5256 108.8398
6.4407 1.5256 108.0919
7.1186 1.5256 107.1264
7.7966 1.5256 105.9121
8.4746 1.5256 104.4175
9.1525 1.5256 102.6114
9.8305 1.5256 100.4622
10.5085 1.5256 97.9206
11.1864 1.5256 95.0067
11.8644 1.5256 91.7676
12.5424 1.5256 88.2356
13.2203 1.5256 84.4432
13.8983 1.5256 80.4230
14.5763 1.5256 76.2073
15.2542 1.5256 71.8288
15.9322 1.5256 67.3197
16.6102 1.5256 62.7127
17.2881 1.5256 58.0403
17.9661 1.5256 53.3348
18.6441 1.5256 48.6287
19.3220 1.5256 43.9546
20.0000 1.5256 39.3506
-20.0000 1.6282 -0.9925
-19.3220 1.6282 6.6768
-18.6441 1.6282 14.1725
-17.9661 1.6282 21.7819
-17.2881 1.6282 29.6503
-16.6102 1.6282 37.4864
-15.9322 1.6282 45.1590
-15.2542 1.6282 52.6156
-14.5763 1.6282 59.8038
-13.8983 1.6282 66.6713
-13.2203 1.6282 73.1656
-12.5424 1.6282 79.2345
-11.8644 1.6282 84.8255
-11.1864 1.6282 89.8861
-10.5085 1.6282 94.3554
-9.8305 1.6282 98.1603
-9.1525 1.6282 101.3515
-8.4746 1.6282 104.0018
-7.7966 1.6282 106.1162
-7.1186 1.6282 107.7366
-6.4407 1.6282 108.9187
-5.7627 1.6282 109.7179
-5.0847 1.6282 110.1897
-4.4068 1.6282 110.3897
-3.7288 1.6282 110.3733
-3.0508 1.6282 110.1961
-2.3729 1.6282 109.9247
-1.6949 1.6282 109.8494
-1.0169 1.6282 110.1038
-0.3390 1.6282 109.8472
0.3390 1.6282 109.8203
1.0169 1.6282 109.9349
1.6949 1.6282 109.5714
2.3729 1.6282 109.3615
3.0508 1.6282 109.2517
3.7288 1.6282 109.0871
4.4068 1.6282 108.8303
5.0847 1.6282 108.4501
5.7627 1.6282 107.9151
6.4407 1.6282 107.1940
7.1186 1.6282 106.2553
7.7966 1.6282 105.0677
8.4746 1.6282 103.5999
9.1525 1.6282 101.8185
9.8305 1.6282 99.6768
10.5085 1.6282 97.1078
11.1864 1.6282 94.0842
11.8644 1.6282 90.6920
12.5424 1.6282 87.0065
13.2203 1.6282 83.0606
13.8983 1.6282 78.8868
14.5763 1.6282 74.5176
15.2542 1.6282 69.9855
15.9322 1.6282 65.3229
16.6102 1.6282 60.5623
17.2881 1.6282 55.7363
17.9661 1.6282 50.9190
18.6441 1.6282 46.2720
19.3220 1.6282 41.5920
20.0000 1.6282 36.5681
-20.0000 1.7308 -1.4227
-19.3220 1.7308 6.0505
-18.6441 1.7308 13.4660
-17.9661 1.7308 20.6558
-17.2881 1.7308 27.6521
-16.6102 1.7308 34.9318
-15.9322 1.7308 42.3860
-15.2542 1.7308 49.8357
-14.5763 1.7308 57.0648
-13.8983 1.7308 63.9731
-13.2203 1.7308 70.5083
-12.5424 1.7308 76.6181
-11.8644 1.7308 82.2483
-11.1864 1.7308 87.3291
-10.5085 1.7308 91.7813
-9.8305 1.7308 95.5309
-9.1525 1.7308 98.6394
-8.4746 1.7308 101.1882
-7.7966 1.7308 103.2266
-7.1186 1.7308 104.7934
-6.4407 1.7308 105.9221
-5.7627 1.7308 106.6679
-5.0847 1.7308 107.0864
-4.4068 1.7308 107.2399
-3.7288 1.7308 107.3292
-3.0508 1.7308 107.5736
-2.3729 1.7308 108.1683
-1.6949 1.7308 108.6538
-1.0169 1.7308 108.3429
-0.3390 1.7308 108.0707
0.3390 1.7308 108.1987
1.0169 1.7308 108.5953
1.6949 1.7308 108.9010
2.3729 1.7308 108.5131
3.0508 1.7308 107.9676
3.7288 1.7308 107.6086
4.4068 1.7308 107.3277
5.0847 1.7308 107.0042
5.7627 1.7308 106.5295
6.4407 1.7308 105.8687
7.1186 1.7308 104.9903
7.7966 1.7308 103.8630
8.4746 1.7308 102.4489
9.1525 1.7308 100.6989
9.8305 1.7308 98.5633
10.5085 1.7308 95.9720
11.1864 1.7308 92.8894
11.8644 1.7308 89.3862
12.5424 1.7308 85.5381
13.2203 1.7308 81.4220
13.8983 1.7308 77.0780
14.5763 1.7308 72.5387
15.2542 1.7308 67.8364
15.9322 1.7308 63.0291
16.6102 1.7308 58.2391
17.2881 1.7308 53.5707
17.9661 1.7308 49.0656
18.6441 1.7308 44.2360
19.3220 1.7308 39.0099
20.0000 1.7308 33.5412
-20.0000 1.8333 -1.5888
-19.3220 1.8333 5.7061
-18.6441 1.8333 12.9489
-17.9661 1.8333 20.0928
-17.2881 1.8333 26.9871
-16.6102 1.8333 33.5532
-15.9322 1.8333 40.1882
-15.2542 1.8333 47.0850
-14.5763 1.8333 54.0665
-13.8983 1.8333 60.9558
-13.2203 1.8333 67.5759
-12.5424 1.8333 73.7755
-11.8644 1.8333 79.4660
-11.1864 1.8333 84.5684
-10.5085 1.8333 89.0037
-9.8305 1.8333 92.6980
-9.1525 1.8333 95.7239
-8.4746 1.8333 98.1669
-7.7966 1.8333 100.0767
-7.1186 1.8333 101.5027
-6.4407 1.8333 102.4952
-5.7627 1.8333 103.1586
-5.0847 1.8333 103.6809
-4.4068 1.8333 104.2574
-3.7288 1.8333 105.0832
-3.0508 1.8333 106.2113
-2.3729 1.8333 106.6410
-1.6949 1.8333 106.3494
-1.0169 1.8333 105.9064
-0.3390 1.8333 105.8082
0.3390 1.8333 106.0911
1.0169 1.8333 106.6222
1.6949 1.8333 107.2884
2.3729 1.8333 107.6730
3.0508 1.8333 107.4096
3.7288 1.8333 106.5897
4.4068 1.8333 105.9175
5.0847 1.8333 105.3787
5.7627 1.8333 104.8651
6.4407 1.8333 104.2681
7.1186 1.8333 103.4822
7.7966 1.8333 102.4354
8.4746 1.8333 101.0776
9.1525 1.8333 99.3588
9.8305 1.8333 97.2294
10.5085 1.8333 94.6158
11.1864 1.8333 91.4741
11.8644 1.8333 87.8749
12.5424 1.8333 83.8922
13.2203 1.8333 79.6004
13.8983 1.8333 75.0765
14.5763 1.8333 70.4163
15.2542 1.8333 65.7229
15.9322 1.8333 61.0998
16.6102 1.8333 56.6502
17.2881 1.8333 52.1564
17.9661 1.8333 47.2233
18.6441 1.8333 41.8725
19.3220 1.8333 36.2292
20.0000 1.8333 30.3388
-20.0000 1.9359 -1.5454
-19.3220 1.9359 5.5893
-18.6441 1.9359 12.6691
-17.9661 1.9359 19.6690
-17.2881 1.9359 26.5306
-16.6102 1.9359 33.1351
-15.9322 1.9359 39.4125
-15.2542 1.9359 45.4342
-14.5763 1.9359 51.7228
-13.8983 1.9359 58.1834
-13.2203 1.9359 64.6391
-12.5424 1.9359 70.8946
-11.8644 1.9359 76.6455
-11.1864 1.9359 81.7696
-10.5085 1.9359 86.1878
-9.8305 1.9359 89.8269
-9.1525 1.9359 92.7701
-8.4746 1.9359 95.1075
-7.7966 1.9359 96.8887
-7.1186 1.9359 98.1638
-6.4407 1.9359 99.1315
-5.7627 1.9359 100.0523
-5.0847 1.9359 101.1215
-4.4068 1.9359 102.5343
-3.7288 1.9359 103.7720
-3.0508 1.9359 104.1350
-2.3729 1.9359 103.8787
-1.6949 1.9359 103.3812
-1.0169 1.9359 103.1305
-0.3390 1.9359 103.2064
0.3390 1.9359 103.6442
1.0169 1.9359 104.3098
1.6949 1.9359 105.0904
2.3729 1.9359 105.8726
3.0508 1.9359 106.2715
3.7288 1.9359 106.0890
4.4068 1.9359 105.2353
5.0847 1.9359 104.2168
5.7627 1.9359 103.3872
6.4407 1.9359 102.6381
7.1186 1.9359 101.8610
7.7966 1.9359 100.8950
8.4746 1.9359 99.5935
9.1525 1.9359 97.9060
9.8305 1.9359 95.7826
10.5085 1.9359 93.1467
11.1864 1.9359 89.9461
11.8644 1.9359 86.2506
12.5424 1.9359 82.1347
13.2203 1.9359 77.7032
13.8983 1.9359 73.1732
14.5763 1.9359 68.6620
15.2542 1.9359 64.2729
15.9322 1.9359 60.0410
16.6102 1.9359 55.4853
17.2881 1.9359 50.4991
17.9661 1.9359 45.0932
18.6441 1.9359 39.3484
19.3220 1.9359 33.3191
20.0000 1.9359 27.0297
-20.0000 2.0385 -1.3469
-19.3220 2.0385 5.6454
-18.6441 2.0385 12.5805
-17.9661 2.0385 19.4329
-17.2881 2.0385 26.1773
-16.6102 2.0385 32.7528
-15.9322 2.0385 39.0731
-15.2542 2.0385 45.0706
-14.5763 2.0385 50.6791
-13.8983 2.0385 56.3088
-13.2203 2.0385 62.1977
-12.5424 2.0385 68.1690
-11.8644 2.0385 73.9522
-11.1864 2.0385 79.0980
-10.5085 2.0385 83.4991
-9.8305 2.0385 87.0829
-9.1525 2.0385 89.9434
-8.4746 2.0385 92.1752
-7.7966 2.0385 93.8277
-7.1186 2.0385 95.1099
-6.4407 2.0385 96.4348
-5.7627 2.0385 98.0023
-5.0847 2.0385 99.8426
-4.4068 2.0385 100.9124
-3.7288 2.0385 101.2054
-3.0508 2.0385 100.9811
-2.3729 2.0385 100.5270
-1.6949 2.0385 100.2197
-1.0169 2.0385 100.1620
-0.3390 2.0385 100.4118
0.3390 2.0385 101.0046
1.0169 2.0385 101.8047
1.6949 2.0385 102.6991
2.3729 2.0385 103.5912
3.0508 2.0385 104.3525
3.7288 2.0385 104.7170
4.4068 2.0385 104.5668
5.0847 2.0385 103.8093
5.7627 2.0385 102.5140
6.4407 2.0385 101.3605
7.1186 2.0385 100.3429
7.7966 2.0385 99.3494
8.4746 2.0385 98.1042
9.1525 2.0385 96.4479
9.8305 2.0385 94.3307
10.5085 2.0385 91.6725
11.1864 2.0385 88.4128
11.8644 2.0385 84.6212
12.5424 2.0385 80.3927
13.2203 2.0385 76.0601
13.8983 2.0385 71.7983
14.5763 2.0385 67.7105
15.2542 2.0385 63.5675
15.9322 2.0385 58.9978
16.6102 2.0385 54.0089
17.2881 2.0385 48.6092
17.9661 2.0385 42.8362
18.6441 2.0385 36.7410
19.3220 2.0385 30.3483
20.0000 2.0385 23.6828
-20.0000 2.1410 -1.0481
-19.3220 2.1410 5.8200
-18.6441 2.1410 12.6283
-17.9661 2.1410 19.3513
-17.2881 2.1410 25.9638
-16.6102 2.1410 32.4399
-15.9322 2.1410 38.7327
-15.2542 2.1410 44.7746
-14.5763 2.1410 50.4979
-13.8983 2.1410 55.8348
-13.2203 2.1410 60.8525
-12.5424 2.1410 66.1190
-11.8644 2.1410 71.5550
-11.1864 2.1410 76.7188
-10.5085 2.1410 81.1029
-9.8305 2.1410 84.6315
-9.1525 2.1410 87.4093
-8.4746 2.1410 89.5354
-7.7966 2.1410 91.1747
-7.1186 2.1410 92.9093
-6.4407 2.1410 94.9808
-5.7627 2.1410 96.8077
-5.0847 2.1410 97.7022
-4.4068 2.1410 97.9218
-3.7288 2.1410 97.7262
-3.0508 2.1410 97.3757
-2.3729 2.1410 97.1075
-1.6949 2.1410 97.0120
-1.0169 2.1410 97.1472
-0.3390 2.1410 97.5711
0.3390 2.1410 98.3189
1.0169 2.1410 99.2534
1.6949 2.1410 100.2617
2.3729 2.1410 101.2470
3.0508 2.1410 102.1126
3.7288 2.1410 102.7486
4.4068 2.1410 103.0302
5.0847 2.1410 102.8635
5.7627 2.1410 102.1562
6.4407 2.1410 100.8165
7.1186 2.1410 99.3062
7.7966 2.1410 97.9871
8.4746 2.1410 96.7172
9.1525 2.1410 95.0922
9.8305 2.1410 92.9811
10.5085 2.1410 90.3006
11.1864 2.1410 86.9819
11.8644 2.1410 83.0969
12.5424 2.1410 79.0290
13.2203 2.1410 75.0837
13.8983 2.1410 71.2892
14.5763 2.1410 67.1726
15.2542 2.1410 62.6394
15.9322 2.1410 57.6981
16.6102 2.1410 52.3573
17.2881 2.1410 46.6296
17.9661 2.1410 40.5418
18.6441 2.1410 34.1191
19.3220 2.1410 27.3859
20.0000 2.1410 20.3669
-20.0000 2.2436 -0.7035
-19.3220 2.2436 6.0585
-18.6441 2.2436 12.7580
-17.9661 2.2436 19.3697
-17.2881 2.2436 25.8684
-16.6102 2.2436 32.2336
-15.9322 2.2436 38.4364
-15.2542 2.2436 44.4443
-14.5763 2.2436 50.2130
-13.8983 2.2436 55.6677
-13.2203 2.2436 60.7402
-12.5424 2.2436 65.3634
-11.8644 2.2436 69.9566
-11.1864 2.2436 74.7976
-10.5085 2.2436 79.1646
-9.8305 2.2436 82.6379
-9.1525 2.2436 85.3331
-8.4746 2.2436 87.4068
-7.7966 2.2436 89.5566
-7.1186 2.2436 91.9472
-6.4407 2.2436 93.4952
-5.7627 2.2436 94.2109
-5.0847 2.2436 94.3539
-4.4068 2.2436 94.2043
-3.7288 2.2436 94.0012
-3.0508 2.2436 93.8354
-2.3729 2.2436 93.7884
-1.6949 2.2436 93.9048
-1.0169 2.2436 94.2329
-0.3390 2.2436 94.8309
0.3390 2.2436 95.7336
1.0169 2.2436 96.8026
1.6949 2.2436 97.9247
2.3729 2.2436 99.0032
3.0508 2.2436 99.9359
3.7288 2.2436 100.6422
4.4068 2.2436 101.0860
5.0847 2.2436 101.2314
5.7627 2.2436 100.9998
6.4407 2.2436 100.2940
7.1186 2.2436 99.0214
7.7966 2.2436 97.2317
8.4746 2.2436 95.5781
9.1525 2.2436 93.9465
9.8305 2.2436 91.8416
10.5085 2.2436 89.1388
11.1864 2.2436 85.7611
11.8644 2.2436 82.0317
12.5424 2.2436 78.4701
13.2203 2.2436 74.8427
13.8983 2.2436 70.8017
14.5763 2.2436 66.3553
15.2542 2.2436 61.5122
15.9322 2.2436 56.2799
16.6102 2.2436 50.6614
17.2881 2.2436 44.6584
17.9661 2.2436 38.2791
18.6441 2.2436 31.5516
19.3220 2.2436 24.5006
20.0000 2.2436 17.1509
-20.0000 2.3462 -0.3677
-19.3220 2.3462 6.3061
-18.6441 2.3462 12.9149
-17.9661 2.3462 19.4391
-17.2881 2.3462 25.8650
-16.6102 2.3462 32.1609
-15.9322 2.3462 38.2945
-15.2542 2.3462 44.2331
-14.5763 2.3462 49.9443
-13.8983 2.3462 55.3957
-13.2203 2.3462 60.5548
-12.5424 2.3462 65.3673
-11.8644 2.3462 69.7354
-11.1864 2.3462 73.7200
-10.5085 2.3462 77.8496
-9.8305 2.3462 81.2676
-9.1525 2.3462 83.8868
-8.4746 2.3462 86.4575
-7.7966 2.3462 88.7107
-7.1186 2.3462 89.9746
-6.4407 2.3462 90.5736
-5.7627 2.3462 90.8631
-5.0847 2.3462 90.9397
-4.4068 2.3462 90.8867
-3.7288 2.3462 90.7877
-3.0508 2.3462 90.7258
-2.3729 2.3462 90.7845
-1.6949 2.3462 91.0473
-1.0169 2.3462 91.5657
-0.3390 2.3462 92.3377
0.3390 2.3462 93.3953
1.0169 2.3462 94.5989
1.6949 2.3462 95.8327
2.3729 2.3462 96.9622
3.0508 2.3462 97.9235
3.7288 2.3462 98.6825
4.4068 2.3462 99.2050
5.0847 2.3462 99.4569
5.7627 2.3462 99.4039
6.4407 2.3462 99.0118
7.1186 2.3462 98.2432
7.7966 2.3462 96.9901
8.4746 2.3462 95.1444
9.1525 2.3462 93.1233
9.8305 2.3462 91.0197
10.5085 2.3462 88.2946
11.1864 2.3462 85.0202
11.8644 2.3462 81.8275
12.5424 2.3462 78.3152
13.2203 2.3462 74.4002
13.8983 2.3462 70.0918
14.5763 2.3462 65.3932
15.2542 2.3462 60.3062
15.9322 2.3462 54.8325
16.6102 2.3462 48.9740
17.2881 2.3462 42.7322
17.9661 2.3462 36.1089
18.6441 2.3462 29.1073
19.3220 2.3462 21.7614
20.0000 2.3462 14.1037
-20.0000 2.4487 -0.0954
-19.3220 2.4487 6.5095
-18.6441 2.4487 13.0708
-17.9661 2.4487 19.5672
-17.2881 2.4487 25.9661
-16.6102 2.4487 32.2350
-15.9322 2.4487 38.3416
-15.2542 2.4487 44.2532
-14.5763 2.4487 49.9375
-13.8983 2.4487 55.3619
-13.2203 2.4487 60.4940
-12.5424 2.4487 65.3012
-11.8644 2.4487 69.7511
-11.1864 2.4487 73.8113
-10.5085 2.4487 77.4188
-9.8305 2.4487 80.6858
-9.1525 2.4487 83.4750
-8.4746 2.4487 85.4554
-7.7966 2.4487 86.8725
-7.1186 2.4487 87.8266
-6.4407 2.4487 88.4010
-5.7627 2.4487 88.6792
-5.0847 2.4487 88.7444
-4.4068 2.4487 88.6802
-3.7288 2.4487 88.5697
-3.0508 2.4487 88.4965
-2.3729 2.4487 88.5439
-1.6949 2.4487 88.7953
-1.0169 2.4487 89.3340
-0.3390 2.4487 90.2382
0.3390 2.4487 91.4508
1.0169 2.4487 92.7565
1.6949 2.4487 93.9929
2.3729 2.4487 95.1211
3.0508 2.4487 96.1070
3.7288 2.4487 96.9165
4.4068 2.4487 97.5153
5.0847 2.4487 97.8692
5.7627 2.4487 97.9442
6.4407 2.4487 97.7060
7.1186 2.4487 97.1204
7.7966 2.4487 96.1533
8.4746 2.4487 94.7705
9.1525 2.4487 92.9336
9.8305 2.4487 90.6231
10.5085 2.4487 87.9466
11.1864 2.4487 84.9994
11.8644 2.4487 81.6544
12.5424 2.4487 77.9153
13.2203 2.4487 73.7840
13.8983 2.4487 69.2622
14.5763 2.4487 64.3515
15.2542 2.4487 59.0537
15.9322 2.4487 53.3706
16.6102 2.4487 47.3039
17.2881 2.4487 40.8553
17.9661 2.4487 34.0265
18.6441 2.4487 26.8193
19.3220 2.4487 19.2354
20.0000 2.4487 11.2941
-20.0000 2.5513 0.0609
-19.3220 2.5513 6.6752
-18.6441 2.5513 13.2507
-17.9661 2.5513 19.7612
-17.2881 2.5513 26.1743
-16.6102 2.5513 32.4574
-15.9322 2.5513 38.5781
-15.2542 2.5513 44.5040
-14.5763 2.5513 50.2024
-13.8983 2.5513 55.6410
-13.2203 2.5513 60.7872
-12.5424 2.5513 65.6086
-11.8644 2.5513 70.0727
-11.1864 2.5513 74.1470
-10.5085 2.5513 77.7682
-9.8305 2.5513 81.0311
-9.1525 2.5513 83.5886
-8.4746 2.5513 85.4459
-7.7966 2.5513 86.7439
-7.1186 2.5513 87.5789
-6.4407 2.5513 88.0343
-5.7627 2.5513 88.1933
-5.0847 2.5513 88.1395
-4.4068 2.5513 87.9561
-3.7288 2.5513 87.7265
-3.0508 2.5513 87.5342
-2.3729 2.5513 87.4625
-1.6949 2.5513 87.5948
-1.0169 2.5513 88.0144
-0.3390 2.5513 88.8011
0.3390 2.5513 90.0227
1.0169 2.5513 91.3570
1.6949 2.5513 92.5574
2.3729 2.5513 93.6756
3.0508 2.5513 94.6772
3.7288 2.5513 95.5283
4.4068 2.5513 96.1945
5.0847 2.5513 96.6418
5.7627 2.5513 96.8359
6.4407 2.5513 96.7427
7.1186 2.5513 96.3280
7.7966 2.5513 95.5576
8.4746 2.5513 94.3974
9.1525 2.5513 92.8131
9.8305 2.5513 90.7492
10.5085 2.5513 88.0803
11.1864 2.5513 84.9467
11.8644 2.5513 81.4188
12.5424 2.5513 77.4981
13.2203 2.5513 73.1865
13.8983 2.5513 68.4856
14.5763 2.5513 63.3972
15.2542 2.5513 57.9231
15.9322 2.5513 52.0649
16.6102 2.5513 45.8244
17.2881 2.5513 39.2034
17.9661 2.5513 32.2034
18.6441 2.5513 24.8264
19.3220 2.5513 17.0508
20.0000 2.5513 8.7893
-20.0000 2.6538 0.0911
-19.3220 2.6538 6.7740
-18.6441 2.6538 13.4092
-17.9661 2.6538 19.9687
-17.2881 2.6538 26.4304
-16.6102 2.6538 32.7621
-15.9322 2.6538 38.9313
-15.2542 2.6538 44.9057
-14.5763 2.6538 50.6527
-13.8983 2.6538 56.1398
-13.2203 2.6538 61.3346
-12.5424 2.6538 66.1825
-11.8644 2.6538 70.5837
-11.1864 2.6538 74.6320
-10.5085 2.6538 78.9738
-9.8305 2.6538 82.3297
-9.1525 2.6538 84.2863
-8.4746 2.6538 86.1073
-7.7966 2.6538 87.8528
-7.1186 2.6538 88.7337
-6.4407 2.6538 89.0174
-5.7627 2.6538 88.9948
-5.0847 2.6538 88.7593
-4.4068 2.6538 88.3942
-3.7288 2.6538 87.9830
-3.0508 2.6538 87.6090
-2.3729 2.6538 87.3557
-1.6949 2.6538 87.3063
-1.0169 2.6538 87.5219
-0.3390 2.6538 88.0265
0.3390 2.6538 88.9561
1.0169 2.6538 90.6506
1.6949 2.6538 92.2040
2.3729 2.6538 93.4505
3.0508 2.6538 94.4752
3.7288 2.6538 95.3201
4.4068 2.6538 96.0061
5.0847 2.6538 96.4989
5.7627 2.6538 96.7645
6.4407 2.6538 96.7685
7.1186 2.6538 96.4770
7.7966 2.6538 95.8555
8.4746 2.6538 94.8701
9.1525 2.6538 93.4249
9.8305 2.6538 91.3932
10.5085 2.6538 88.7393
11.1864 2.6538 85.5634
11.8644 2.6538 81.9122
12.5424 2.6538 77.8590
13.2203 2.6538 73.4161
13.8983 2.6538 68.5854
14.5763 2.6538 63.3684
15.2542 2.6538 57.7669
15.9322 2.6538 51.7828
16.6102 2.6538 45.4176
17.2881 2.6538 38.6563
17.9661 2.6538 31.3912
18.6441 2.6538 23.5542
19.3220 2.6538 15.1053
20.0000 2.6538 6.6174
-20.0000 2.7564 0.0283
-19.3220 2.7564 6.7919
-18.6441 2.7564 13.5142
-17.9661 2.7564 20.1637
-17.2881 2.7564 26.7090
-16.6102 2.7564 33.1225
-15.9322 2.7564 39.3736
-15.2542 2.7564 45.4298
-14.5763 2.7564 51.2465
-13.8983 2.7564 56.7474
-13.2203 2.7564 61.8625
-12.5424 2.7564 66.5231
-11.8644 2.7564 71.2839
-11.1864 2.7564 76.4729
-10.5085 2.7564 81.0348
-9.8305 2.7564 84.3454
-9.1525 2.7564 86.3046
-8.4746 2.7564 87.1101
-7.7966 2.7564 88.0670
-7.1186 2.7564 89.5690
-6.4407 2.7564 90.4206
-5.7627 2.7564 90.5662
-5.0847 2.7564 90.2239
-4.4068 2.7564 89.6276
-3.7288 2.7564 88.9797
-3.0508 2.7564 88.3691
-2.3729 2.7564 87.8777
-1.6949 2.7564 87.5621
-1.0169 2.7564 87.4827
-0.3390 2.7564 87.7068
0.3390 2.7564 88.3656
1.0169 2.7564 89.8353
1.6949 2.7564 91.8841
2.3729 2.7564 93.6565
3.0508 2.7564 94.9581
3.7288 2.7564 95.9795
4.4068 2.7564 96.7431
5.0847 2.7564 97.2569
5.7627 2.7564 97.5397
6.4407 2.7564 97.5868
7.1186 2.7564 97.3642
7.7966 2.7564 96.8301
8.4746 2.7564 95.8906
9.1525 2.7564 94.4552
9.8305 2.7564 92.4373
10.5085 2.7564 89.7985
11.1864 2.7564 86.6317
11.8644 2.7564 82.9752
12.5424 2.7564 78.8637
13.2203 2.7564 74.3411
13.8983 2.7564 69.4319
14.5763 2.7564 64.1379
15.2542 2.7564 58.4517
15.9322 2.7564 52.3100
16.6102 2.7564 45.6535
17.2881 2.7564 38.4267
17.9661 2.7564 30.5598
18.6441 2.7564 22.0624
19.3220 2.7564 13.3051
20.0000 2.7564 4.7688
-20.0000 2.8590 -0.0928
-19.3220 2.8590 6.7631
-18.6441 2.8590 13.5840
-17.9661 2.8590 20.3385
-17.2881 2.8590 26.9952
-16.6102 2.8590 33.5219
-15.9322 2.8590 39.8651
-15.2542 2.8590 45.9542
-14.5763 2.8590 51.7198
-13.8983 2.8590 57.0924
-13.2203 2.8590 62.1805
-12.5424 2.8590 67.7303
-11.8644 2.8590 73.5998
-11.1864 2.8590 79.1357
-10.5085 2.8590 83.5987
-9.8305 2.8590 86.8641
-9.1525 2.8590 88.8383
-8.4746 2.8590 89.6241
-7.7966 2.8590 89.5772
-7.1186 2.8590 89.7688
-6.4407 2.8590 90.5936
-5.7627 2.8590 91.4667
-5.0847 2.8590 91.5766
-4.4068 2.8590 91.1395
-3.7288 2.8590 90.3735
-3.0508 2.8590 89.4977
-2.3729 2.8590 88.7149
-1.6949 2.8590 88.1174
-1.0169 2.8590 87.7723
-0.3390 2.8590 87.7471
0.3390 2.8590 88.1664
1.0169 2.8590 89.3674
1.6949 2.8590 91.2810
2.3729 2.8590 93.5183
3.0508 2.8590 95.4461
3.7288 2.8590 96.8262
4.4068 2.8590 97.7791
5.0847 2.8590 98.4300
5.7627 2.8590 98.7871
6.4407 2.8590 98.8584
7.1186 2.8590 98.6500
7.7966 2.8590 98.1214
8.4746 2.8590 97.1876
9.1525 2.8590 95.7621
9.8305 2.8590 93.7581
10.5085 2.8590 91.1344
11.1864 2.8590 87.9765
11.8644 2.8590 84.3227
12.5424 2.8590 80.2073
13.2203 2.8590 75.6649
13.8983 2.8590 70.7088
14.5763 2.8590 65.2931
15.2542 2.8590 59.3621
15.9322 2.8590 52.8602
16.6102 2.8590 45.7276
17.2881 2.8590 37.8921
17.9661 2.8590 29.4415
18.6441 2.8590 20.5999
19.3220 2.8590 11.8208
20.0000 2.8590 3.2322
-20.0000 2.9615 -0.2374
-19.3220 2.9615 6.7223
-18.6441 2.9615 13.6534
-17.9661 2.9615 20.5245
-17.2881 2.9615 27.3040
-16.6102 2.9615 33.9179
-15.9322 2.9615 40.2705
-15.2542 2.9615 46.2922
-14.5763 2.9615 51.9158
-13.8983 2.9615 57.7112
-13.2203 2.9615 63.9777
-12.5424 2.9615 70.4424
-11.8644 2.9615 76.6981
-11.1864 2.9615 82.0872
-10.5085 2.9615 86.4514
-9.8305 2.9615 89.6716
-9.1525 2.9615 91.6608
-8.4746 2.9615 92.5248
-7.7966 2.9615 92.4091
-7.1186 2.9615 91.7441
-6.4407 2.9615 91.2690
-5.7627 2.9615 91.3003
-5.0847 2.9615 91.9577
-4.4068 2.9615 92.0847
-3.7288 2.9615 91.6056
-3.0508 2.9615 90.7384
-2.3729 2.9615 89.7236
-1.6949 2.9615 88.8754
-1.0169 2.9615 88.2960
-0.3390 2.9615 88.0527
0.3390 2.9615 88.2639
1.0169 2.9615 89.2274
1.6949 2.9615 90.8677
2.3729 2.9615 93.0481
3.0508 2.9615 95.3483
3.7288 2.9615 97.3588
4.4068 2.9615 98.8388
5.0847 2.9615 99.6800
5.7627 2.9615 100.1530
6.4407 2.9615 100.2879
7.1186 2.9615 100.0931
7.7966 2.9615 99.5657
8.4746 2.9615 98.6376
9.1525 2.9615 97.2219
9.8305 2.9615 95.2318
10.5085 2.9615 92.6231
11.1864 2.9615 89.4743
11.8644 2.9615 85.8230
12.5424 2.9615 81.7039
13.2203 2.9615 77.1301
13.8983 2.9615 72.0413
14.5763 2.9615 66.3811
15.2542 2.9615 60.0938
15.9322 2.9615 53.0965
16.6102 2.9615 45.3779
17.2881 2.9615 37.0621
17.9661 2.9615 28.3009
18.6441 2.9615 19.4420
19.3220 2.9615 10.6409
20.0000 2.9615 1.9964
-20.0000 3.0641 -0.3705
-19.3220 3.0641 6.7045
-18.6441 3.0641 13.7572
-17.9661 3.0641 20.7563
-17.2881 3.0641 27.6296
-16.6102 3.0641 34.2371
-15.9322 3.0641 40.5066
-15.2542 3.0641 46.5602
-14.5763 3.0641 53.1216
-13.8983 3.0641 60.0327
-13.2203 3.0641 67.0202
-12.5424 3.0641 73.7850
-11.8644 3.0641 79.8762
-11.1864 3.0641 85.1133
-10.5085 3.0641 89.3788
-9.8305 3.0641 92.5537
-9.1525 3.0641 94.5580
-8.4746 3.0641 95.5002
-7.7966 3.0641 95.5258
-7.1186 3.0641 94.7819
-6.4407 3.0641 93.6671
-5.7627 3.0641 92.6242
-5.0847 3.0641 91.9607
-4.4068 3.0641 91.9842
-3.7288 3.0641 92.1763
-3.0508 3.0641 91.7078
-2.3729 3.0641 90.7922
-1.6949 3.0641 89.7415
-1.0169 3.0641 88.9591
-0.3390 3.0641 88.5291
0.3390 3.0641 88.5634
1.0169 3.0641 89.3207
1.6949 3.0641 90.7190
2.3729 3.0641 92.6235
3.0508 3.0641 94.8859
3.7288 3.0641 97.1692
4.4068 3.0641 99.1896
5.0847 3.0641 100.7064
5.7627 3.0641 101.4884
6.4407 3.0641 101.7180
7.1186 3.0641 101.5656
7.7966 3.0641 101.0393
8.4746 3.0641 100.1169
9.1525 3.0641 98.7109
9.8305 3.0641 96.7348
10.5085 3.0641 94.1412
11.1864 3.0641 91.0013
11.8644 3.0641 87.3527
12.5424 3.0641 83.2155
13.2203 3.0641 78.5138
13.8983 3.0641 73.1844
14.5763 3.0641 67.1649
15.2542 3.0641 60.3574
15.9322 3.0641 52.8439
16.6102 3.0641 44.7509
17.2881 3.0641 36.2070
17.9661 3.0641 27.4314
18.6441 3.0641 18.5810
19.3220 3.0641 9.7545
20.0000 3.0641 1.0503
-20.0000 3.1667 -0.4574
-19.3220 3.1667 6.7443
-18.6441 3.1667 13.9302
-17.9661 3.1667 21.0420
-17.2881 3.1667 27.8959
-16.6102 3.1667 34.4088
-15.9322 3.1667 41.1630
-15.2542 3.1667 48.4184
-14.5763 3.1667 55.9016
-13.8983 3.1667 63.3397
-13.2203 3.1667 70.4595
-12.5424 3.1667 77.0287
-11.8644 3.1667 82.9148
-11.1864 3.1667 88.0000
-10.5085 3.1667 92.1667
-9.8305 3.1667 95.2963
-9.1525 3.1667 97.3157
-8.4746 3.1667 98.3360
-7.7966 3.1667 98.5030
-7.1186 3.1667 97.9620
-6.4407 3.1667 96.8597
-5.7627 3.1667 95.4027
-5.0847 3.1667 93.8906
-4.4068 3.1667 92.6311
-3.7288 3.1667 91.9316
-3.0508 3.1667 91.9371
-2.3729 3.1667 91.5320
-1.6949 3.1667 90.6207
-1.0169 3.1667 89.6670
-0.3390 3.1667 89.0816
0.3390 3.1667 88.9703
1.0169 3.1667 89.5526
1.6949 3.1667 90.7402
2.3729 3.1667 92.3981
3.0508 3.1667 94.3916
3.7288 3.1667 96.5823
4.4068 3.1667 98.7761
5.0847 3.1667 100.7336
5.7627 3.1667 102.2145
6.4407 3.1667 102.9782
7.1186 3.1667 102.9314
7.7966 3.1667 102.4262
8.4746 3.1667 101.5018
9.1525 3.1667 100.1057
9.8305 3.1667 98.1435
10.5085 3.1667 95.5649
11.1864 3.1667 92.4341
11.8644 3.1667 88.7825
12.5424 3.1667 84.5279
13.2203 3.1667 79.5893
13.8983 3.1667 73.8693
14.5763 3.1667 67.3371
15.2542 3.1667 60.1167
15.9322 3.1667 52.3346
16.6102 3.1667 44.1175
17.2881 3.1667 35.5883
17.9661 3.1667 26.8516
18.6441 3.1667 18.0059
19.3220 3.1667 9.1501
20.0000 3.1667 0.3827
-20.0000 3.2692 -0.4633
-19.3220 3.2692 6.8767
-18.6441 3.2692 14.1969
-17.9661 3.2692 21.2887
-17.2881 3.2692 28.2334
-16.6102 3.2692 35.7309
-15.9322 3.2692 43.6078
-15.2542 3.2692 51.5880
-14.5763 3.2692 59.3387
-13.8983 3.2692 66.7014
-13.2203 3.2692 73.5900
-12.5424 3.2692 79.9183
-11.8644 3.2692 85.5997
-11.1864 3.2692 90.5330
-10.5085 3.2692 94.6010
-9.8305 3.2692 97.6853
-9.1525 3.2692 99.7197
-8.4746 3.2692 100.8183
-7.7966 3.2692 101.1265
-7.1186 3.2692 100.7863
-6.4407 3.2692 99.9124
-5.7627 3.2692 98.6075
-5.0847 3.2692 96.9741
-4.4068 3.2692 95.1248
-3.7288 3.2692 93.3679
-3.0508 3.2692 92.0441
-2.3729 3.2692 91.4612
-1.6949 3.2692 91.1638
-1.0169 3.2692 90.3249
-0.3390 3.2692 89.6154
0.3390 3.2692 89.3898
1.0169 3.2692 89.8285
1.6949 3.2692 90.8366
2.3729 3.2692 92.2793
3.0508 3.2692 94.0287
3.7288 3.2692 95.9701
4.4068 3.2692 97.9896
5.0847 3.2692 99.9734
5.7627 3.2692 101.7859
6.4407 3.2692 103.1581
7.1186 3.2692 103.8400
7.7966 3.2692 103.5992
8.4746 3.2692 102.6759
9.1525 3.2692 101.2825
9.8305 3.2692 99.3342
10.5085 3.2692 96.7707
11.1864 3.2692 93.6486
11.8644 3.2692 89.9010
12.5424 3.2692 85.4032
13.2203 3.2692 80.0312
13.8983 3.2692 73.8623
14.5763 3.2692 67.0230
15.2542 3.2692 59.6552
15.9322 3.2692 51.8631
16.6102 3.2692 43.7075
17.2881 3.2692 35.2488
17.9661 3.2692 26.5500
18.6441 3.2692 17.7055
19.3220 3.2692 8.8166
20.0000 3.2692 -0.0178
-20.0000 3.3718 -0.3534
-19.3220 3.3718 7.1360
-18.6441 3.3718 14.4643
-17.9661 3.3718 22.1018
-17.2881 3.3718 30.2624
-16.6102 3.3718 38.4993
-15.9322 3.3718 46.6069
-15.2542 3.3718 54.4989
-14.5763 3.3718 62.0893
-13.8983 3.3718 69.2917
-13.2203 3.3718 76.0200
-12.5424 3.3718 82.1880
-11.8644 3.3718 87.7094
-11.1864 3.3718 92.4982
-10.5085 3.3718 96.4674
-9.8305 3.3718 99.5064
-9.1525 3.3718 101.5559
-8.4746 3.3718 102.7326
-7.7966 3.3718 103.1677
-7.1186 3.3718 102.9665
-6.4407 3.3718 102.2317
-5.7627 3.3718 101.0658
-5.0847 3.3718 99.5715
-4.4068 3.3718 97.8514
-3.7288 3.3718 96.0082
-3.0508 3.3718 94.1444
-2.3729 3.3718 92.3782
-1.6949 3.3718 91.1429
-1.0169 3.3718 90.6891
-0.3390 3.3718 90.0359
0.3390 3.3718 89.7273
1.0169 3.3718 90.0536
1.6949 3.3718 90.9159
2.3729 3.3718 92.1974
3.0508 3.3718 93.7848
3.7288 3.3718 95.5641
4.4068 3.3718 97.4216
5.0847 3.3718 99.2434
5.7627 3.3718 100.9155
6.4407 3.3718 102.3241
7.1186 3.3718 103.3554
7.7966 3.3718 103.8596
8.4746 3.3718 103.4831
9.1525 3.3718 102.1209
9.8305 3.3718 100.1832
10.5085 3.3718 97.6348
11.1864 3.3718 94.4507
11.8644 3.3718 90.4157
12.5424 3.3718 85.4772
13.2203 3.3718 79.8013
13.8983 3.3718 73.5194
14.5763 3.3718 66.6921
15.2542 3.3718 59.3800
15.9322 3.3718 51.6436
16.6102 3.3718 43.5436
17.2881 3.3718 35.1407
17.9661 3.3718 26.4953
18.6441 3.3718 17.6681
19.3220 3.3718 8.7429
20.0000 3.3718 -0.1623
-20.0000 3.4744 -0.0928
-19.3220 3.4744 7.6478
-18.6441 3.4744 15.6840
-17.9661 3.4744 23.8496
-17.2881 3.4744 32.0583
-16.6102 3.4744 40.2238
-15.9322 3.4744 48.2601
-15.2542 3.4744 56.0808
-14.5763 3.4744 63.5998
-13.8983 3.4744 70.7309
-13.2203 3.4744 77.3879
-12.5424 3.4744 83.4846
-11.8644 3.4744 88.9347
-11.1864 3.4744 93.6521
-10.5085 3.4744 97.5505
-9.8305 3.4744 100.5457
-9.1525 3.4744 102.6076
-8.4746 3.4744 103.8279
-7.7966 3.4744 104.3094
-7.1186 3.4744 104.1546
-6.4407 3.4744 103.4661
-5.7627 3.4744 102.3466
-5.0847 3.4744 100.8986
-4.4068 3.4744 99.2249
-3.7288 3.4744 97.4280
-3.0508 3.4744 95.6106
-2.3729 3.4744 93.8752
-1.6949 3.4744 92.3246
-1.0169 3.4744 91.0612
-0.3390 3.4744 90.2067
0.3390 3.4744 89.8882
1.0169 3.4744 90.1461
1.6949 3.4744 90.9376
2.3729 3.4744 92.1488
3.0508 3.4744 93.6659
3.7288 3.4744 95.3749
4.4068 3.4744 97.1621
5.0847 3.4744 98.9135
5.7627 3.4744 100.5153
6.4407 3.4744 101.8536
7.1186 3.4744 102.8146
7.7966 3.4744 103.2844
8.4746 3.4744 103.1491
9.1525 3.4744 102.2950
9.8305 3.4744 100.5672
10.5085 3.4744 97.9800
11.1864 3.4744 94.5218
11.8644 3.4744 90.2758
12.5424 3.4744 85.3025
13.2203 3.4744 79.6627
13.8983 3.4744 73.4168
14.5763 3.4744 66.6255
15.2542 3.4744 59.3495
15.9322 3.4744 51.6491
16.6102 3.4744 43.5852
17.2881 3.4744 35.2183
17.9661 3.4744 26.6090
18.6441 3.4744 17.8179
19.3220 3.4744 8.9055
20.0000 3.4744 -0.0620
-20.0000 3.5769 0.3494
-19.3220 3.5769 7.9045
-18.6441 3.5769 15.6604
-17.9661 3.5769 23.8238
-17.2881 3.5769 32.0425
-16.6102 3.5769 40.2181
-15.9322 3.5769 48.2644
-15.2542 3.5769 56.0952
-14.5763 3.5769 63.6243
-13.8983 3.5769 70.7655
-13.2203 3.5769 77.4326
-12.5424 3.5769 83.5393
-11.8644 3.5769 88.9995
-11.1864 3.5769 93.7269
-10.5085 3.5769 97.6339
-9.8305 3.5769 100.6082
-9.1525 3.5769 102.6282
-8.4746 3.5769 103.8061
-7.7966 3.5769 104.2451
-7.1186 3.5769 104.0478
-6.4407 3.5769 103.3168
-5.7627 3.5769 102.1549
-5.0847 3.5769 100.6645
-4.4068 3.5769 98.9483
-3.7288 3.5769 97.1090
-3.0508 3.5769 95.2491
-2.3729 3.5769 93.4712
-1.6949 3.5769 91.8781
-1.0169 3.5769 90.6986
-0.3390 3.5769 90.1322
0.3390 3.5769 89.8262
1.0169 3.5769 90.1132
1.6949 3.5769 90.9249
2.3729 3.5769 92.1562
3.0508 3.5769 93.6934
3.7288 3.5769 95.4225
4.4068 3.5769 97.2298
5.0847 3.5769 99.0013
5.7627 3.5769 100.6233
6.4407 3.5769 101.9817
7.1186 3.5769 102.9628
7.7966 3.5769 103.4527
8.4746 3.5769 103.3375
9.1525 3.5769 102.3052
9.8305 3.5769 100.3695
10.5085 3.5769 97.8378
11.1864 3.5769 94.5676
11.8644 3.5769 90.3624
12.5424 3.5769 85.4070
13.2203 3.5769 79.7849
13.8983 3.5769 73.5568
14.5763 3.5769 66.7833
15.2542 3.5769 59.5250
15.9322 3.5769 51.8425
16.6102 3.5769 43.7963
17.2881 3.5769 35.4472
17.9661 3.5769 26.8556
18.6441 3.5769 18.0823
19.3220 3.5769 9.1882
20.0000 3.5769 0.2710
-20.0000 3.6795 0.9706
-19.3220 3.6795 8.2518
-18.6441 3.6795 15.6823
-17.9661 3.6795 23.0022
-17.2881 3.6795 30.7055
-16.6102 3.6795 38.7476
-15.9322 3.6795 46.8578
-15.2542 3.6795 54.7616
-14.5763 3.6795 62.3637
-13.8983 3.6795 69.5778
-13.2203 3.6795 76.3178
-12.5424 3.6795 82.4975
-11.8644 3.6795 88.0307
-11.1864 3.6795 92.8226
-10.5085 3.6795 96.7531
-9.8305 3.6795 99.7013
-9.1525 3.6795 101.6465
-8.4746 3.6795 102.7121
-7.7966 3.6795 103.0293
-7.1186 3.6795 102.7102
-6.4407 3.6795 101.8575
-5.7627 3.6795 100.5738
-5.0847 3.6795 98.9617
-4.4068 3.6795 97.1237
-3.7288 3.6795 95.1626
-3.0508 3.6795 93.2678
-2.3729 3.6795 91.8142
-1.6949 3.6795 91.0631
-1.0169 3.6795 90.4099
-0.3390 3.6795 89.7032
0.3390 3.6795 89.5051
1.0169 3.6795 89.9243
1.6949 3.6795 90.8593
2.3729 3.6795 92.1983
3.0508 3.6795 93.8429
3.7288 3.6795 95.6795
4.4068 3.6795 97.5942
5.0847 3.6795 99.4731
5.7627 3.6795 101.2024
6.4407 3.6795 102.6681
7.1186 3.6795 103.6205
7.7966 3.6795 103.7326
8.4746 3.6795 102.8245
9.1525 3.6795 101.4414
9.8305 3.6795 99.5987
10.5085 3.6795 97.1173
11.1864 3.6795 93.9645
11.8644 3.6795 90.1962
12.5424 3.6795 85.5954
13.2203 3.6795 80.1189
13.8983 3.6795 73.9099
14.5763 3.6795 67.1393
15.2542 3.6795 59.8840
15.9322 3.6795 52.2044
16.6102 3.6795 44.1612
17.2881 3.6795 35.8150
17.9661 3.6795 27.2264
18.6441 3.6795 18.4634
19.3220 3.6795 9.6280
20.0000 3.6795 0.8169
-20.0000 3.7821 1.7510
-19.3220 3.7821 8.7231
-18.6441 3.7821 15.9116
-17.9661 3.7821 23.1157
-17.2881 3.7821 30.1358
-16.6102 3.7821 37.2211
-15.9322 3.7821 44.7113
-15.2542 3.7821 52.3863
-14.5763 3.7821 60.0155
-13.8983 3.7821 67.3605
-13.2203 3.7821 74.2355
-12.5424 3.7821 80.5495
-11.8644 3.7821 86.1981
-11.1864 3.7821 91.0596
-10.5085 3.7821 95.0118
-9.8305 3.7821 97.9339
-9.1525 3.7821 99.8043
-8.4746 3.7821 100.7459
-7.7966 3.7821 100.8920
-7.1186 3.7821 100.3755
-6.4407 3.7821 99.3222
-5.7627 3.7821 97.8378
-5.0847 3.7821 96.0664
-4.4068 3.7821 94.2828
-3.7288 3.7821 92.7592
-3.0508 3.7821 91.7665
-2.3729 3.7821 91.2863
-1.6949 3.7821 90.5375
-1.0169 3.7821 89.6125
-0.3390 3.7821 89.0138
0.3390 3.7821 88.9341
1.0169 3.7821 89.4993
1.6949 3.7821 90.6121
2.3729 3.7821 92.1499
3.0508 3.7821 93.9907
3.7288 3.7821 96.0218
4.4068 3.7821 98.1309
5.0847 3.7821 100.1372
5.7627 3.7821 101.7744
6.4407 3.7821 102.7859
7.1186 3.7821 102.9150
7.7966 3.7821 102.2988
8.4746 3.7821 101.3896
9.1525 3.7821 100.1218
9.8305 3.7821 98.3194
10.5085 3.7821 95.8896
11.1864 3.7821 92.8022
11.8644 3.7821 89.1129
12.5424 3.7821 84.8544
13.2203 3.7821 79.9352
13.8983 3.7821 74.1469
14.5763 3.7821 67.5916
15.2542 3.7821 60.4038
15.9322 3.7821 52.7199
16.6102 3.7821 44.6650
17.2881 3.7821 36.3072
17.9661 3.7821 27.7220
18.6441 3.7821 19.0043
19.3220 3.7821 10.2493
20.0000 3.7821 1.5520
-20.0000 3.8846 2.6707
-19.3220 3.8846 9.3403
-18.6441 3.8846 16.2110
-17.9661 3.8846 23.1955
-17.2881 3.8846 30.0892
-16.6102 3.8846 36.7944
-15.9322 3.8846 43.3370
-15.2542 3.8846 50.1842
-14.5763 3.8846 57.2929
-13.8983 3.8846 64.4324
-13.2203 3.8846 71.3720
-12.5424 3.8846 77.8473
-11.8644 3.8846 83.6132
-11.1864 3.8846 88.5443
-10.5085 3.8846 92.5183
-9.8305 3.8846 95.4142
-9.1525 3.8846 97.2097
-8.4746 3.8846 98.0274
-7.7966 3.8846 98.0003
-7.1186 3.8846 97.2617
-6.4407 3.8846 95.9909
-5.7627 3.8846 94.5174
-5.0847 3.8846 93.1178
-4.4068 3.8846 92.0630
-3.7288 3.8846 91.6052
-3.0508 3.8846 91.1605
-2.3729 3.8846 90.3947
-1.6949 3.8846 89.4037
-1.0169 3.8846 88.5657
-0.3390 3.8846 88.0958
0.3390 3.8846 88.1451
1.0169 3.8846 88.8667
1.6949 3.8846 90.1679
2.3729 3.8846 91.9261
3.0508 3.8846 94.0187
3.7288 3.8846 96.2500
4.4068 3.8846 98.3270
5.0847 3.8846 99.9928
5.7627 3.8846 100.9910
6.4407 3.8846 101.1402
7.1186 3.8846 100.8974
7.7966 3.8846 100.3891
8.4746 3.8846 99.5906
9.1525 3.8846 98.3573
9.8305 3.8846 96.5951
10.5085 3.8846 94.2169
11.1864 3.8846 91.1998
11.8644 3.8846 87.5925
12.5424 3.8846 83.4505
13.2203 3.8846 78.7765
13.8983 3.8846 73.5317
14.5763 3.8846 67.5241
15.2542 3.8846 60.7237
15.9322 3.8846 53.2651
16.6102 3.8846 45.2828
17.2881 3.8846 36.9220
17.9661 3.8846 28.3579
18.6441 3.8846 19.6949
19.3220 3.8846 11.0281
20.0000 3.8846 2.4526
-20.0000 3.9872 3.7098
-19.3220 3.9872 10.0836
-18.6441 3.9872 16.6429
-17.9661 3.9872 23.3036
-17.2881 3.9872 29.9707
-16.6102 3.9872 36.4872
-15.9322 3.9872 42.8117
-15.2542 3.9872 48.9297
-14.5763 3.9872 55.0557
-13.8983 3.9872 61.5068
-13.2203 3.9872 68.0655
-12.5424 3.9872 74.5008
-11.8644 3.9872 80.3841
-11.1864 3.9872 85.3848
-10.5085 3.9872 89.3805
-9.8305 3.9872 92.2503
-9.1525 3.9872 93.9709
-8.4746 3.9872 94.6646
-7.7966 3.9872 94.4645
-7.1186 3.9872 93.5554
-6.4407 3.9872 92.4739
-5.7627 3.9872 91.5512
-5.0847 3.9872 91.0583
-4.4068 3.9872 90.9707
-3.7288 3.9872 90.5672
-3.0508 3.9872 89.8627
-2.3729 3.9872 88.9317
-1.6949 3.9872 88.0058
-1.0169 3.9872 87.3117
-0.3390 3.9872 86.9811
0.3390 3.9872 87.1699
1.0169 3.9872 88.0583
1.6949 3.9872 89.5585
2.3729 3.9872 91.5476
3.0508 3.9872 93.8061
3.7288 3.9872 95.8813
4.4068 3.9872 97.5035
5.0847 3.9872 98.4159
5.7627 3.9872 98.7213
6.4407 3.9872 98.7831
7.1186 3.9872 98.6034
7.7966 3.9872 98.1774
8.4746 3.9872 97.4127
9.1525 3.9872 96.2114
9.8305 3.9872 94.4894
10.5085 3.9872 92.1628
11.1864 3.9872 89.2160
11.8644 3.9872 85.6981
12.5424 3.9872 81.6599
13.2203 3.9872 77.1447
13.8983 3.9872 72.1319
14.5763 3.9872 66.5832
15.2542 3.9872 60.4174
15.9322 3.9872 53.4645
16.6102 3.9872 45.8276
17.2881 3.9872 37.6413
17.9661 3.9872 29.1120
18.6441 3.9872 20.5115
19.3220 3.9872 11.9408
20.0000 3.9872 3.4948
-20.0000 4.0897 4.8485
-19.3220 4.0897 10.9329
-18.6441 4.0897 17.1875
-17.9661 4.0897 23.5280
-17.2881 4.0897 29.8703
-16.6102 4.0897 36.1206
-15.9322 4.0897 42.1941
-15.2542 4.0897 48.0722
-14.5763 4.0897 53.7402
-13.8983 4.0897 59.2154
-13.2203 4.0897 64.9177
-12.5424 4.0897 70.8043
-11.8644 4.0897 76.6189
-11.1864 4.0897 81.6891
-10.5085 4.0897 85.7065
-9.8305 4.0897 88.5503
-9.1525 4.0897 90.1960
-8.4746 4.0897 90.7657
-7.7966 4.0897 90.4117
-7.1186 4.0897 89.8152
-6.4407 4.0897 89.4624
-5.7627 4.0897 89.6009
-5.0847 4.0897 89.6715
-4.4068 4.0897 89.3877
-3.7288 4.0897 88.8230
-3.0508 4.0897 88.0508
-2.3729 4.0897 87.1891
-1.6949 4.0897 86.4219
-1.0169 4.0897 85.8821
-0.3390 4.0897 85.7014
0.3390 4.0897 86.0402
1.0169 4.0897 87.1060
1.6949 4.0897 88.8156
2.3729 4.0897 90.9792
3.0508 4.0897 92.9804
3.7288 4.0897 94.4864
4.4068 4.0897 95.3124
5.0847 4.0897 95.8245
5.7627 4.0897 96.1186
6.4407 4.0897 96.1951
7.1186 4.0897 96.0547
7.7966 4.0897 95.6580
8.4746 4.0897 94.9170
9.1525 4.0897 93.7476
9.8305 4.0897 92.0659
10.5085 4.0897 89.7909
11.1864 4.0897 86.9143
11.8644 4.0897 83.4858
12.5424 4.0897 79.5558
13.2203 4.0897 75.1748
13.8983 4.0897 70.3632
14.5763 4.0897 65.0880
15.2542 4.0897 59.3111
15.9322 4.0897 52.9939
16.6102 4.0897 45.9809
17.2881 4.0897 38.2582
17.9661 4.0897 29.9605
18.6441 4.0897 21.4304
19.3220 4.0897 12.9635
20.0000 4.0897 4.6550
-20.0000 4.1923 6.0667
-19.3220 4.1923 11.8683
-18.6441 4.1923 17.8248
-17.9661 4.1923 23.8518
-17.2881 4.1923 29.8651
-16.6102 4.1923 35.7799
-15.9322 4.1923 41.5297
-15.2542 4.1923 47.0945
-14.5763 4.1923 52.4603
-13.8983 4.1923 57.6126
-13.2203 4.1923 62.5369
-12.5424 4.1923 67.4149
-11.8644 4.1923 72.5382
-11.1864 4.1923 77.5654
-10.5085 4.1923 81.6046
-9.8305 4.1923 84.4222
-9.1525 4.1923 85.9931
-8.4746 4.1923 86.4388
-7.7966 4.1923 86.4204
-7.1186 4.1923 86.7306
-6.4407 4.1923 87.3404
-5.7627 4.1923 87.5890
-5.0847 4.1923 87.5033
-4.4068 4.1923 87.1567
-3.7288 4.1923 86.6229
-3.0508 4.1923 85.9709
-2.3729 4.1923 85.2818
-1.6949 4.1923 84.6839
-1.0169 4.1923 84.3089
-0.3390 4.1923 84.2886
0.3390 4.1923 84.7878
1.0169 4.1923 86.0416
1.6949 4.1923 87.9494
2.3729 4.1923 89.8040
3.0508 4.1923 91.1216
3.7288 4.1923 91.9647
4.4068 4.1923 92.6127
5.0847 4.1923 93.0666
5.7627 4.1923 93.3271
6.4407 4.1923 93.3952
7.1186 4.1923 93.2657
7.7966 4.1923 92.8843
8.4746 4.1923 92.1670
9.1525 4.1923 91.0296
9.8305 4.1923 89.3881
10.5085 4.1923 87.1647
11.1864 4.1923 84.3584
11.8644 4.1923 81.0193
12.5424 4.1923 77.1977
13.2203 4.1923 72.9444
13.8983 4.1923 68.3047
14.5763 4.1923 63.2734
15.2542 4.1923 57.8125
15.9322 4.1923 51.8839
16.6102 4.1923 45.4495
17.2881 4.1923 38.4398
17.9661 4.1923 30.7239
18.6441 4.1923 22.4277
19.3220 4.1923 14.0726
20.0000 4.1923 5.9094
-20.0000 4.2949 7.3446
-19.3220 4.2949 12.8701
-18.6441 4.2949 18.5350
-17.9661 4.2949 24.2551
-17.2881 4.2949 29.9202
-16.6102 4.2949 35.4572
-15.9322 4.2949 40.8429
-15.2542 4.2949 46.0539
-14.5763 4.2949 51.0672
-13.8983 4.2949 55.8605
-13.2203 4.2949 60.4313
-12.5424 4.2949 64.7705
-11.8644 4.2949 68.8878
-11.1864 4.2949 73.1566
-10.5085 4.2949 77.1827
-9.8305 4.2949 79.9742
-9.1525 4.2949 81.4702
-8.4746 4.2949 82.1689
-7.7966 4.2949 83.2068
-7.1186 4.2949 84.0995
-6.4407 4.2949 84.6045
-5.7627 4.2949 84.7953
-5.0847 4.2949 84.7425
-4.4068 4.2949 84.5043
-3.7288 4.2949 84.1362
-3.0508 4.2949 83.6940
-2.3729 4.2949 83.2333
-1.6949 4.2949 82.8234
-1.0169 4.2949 82.6238
-0.3390 4.2949 82.7743
0.3390 4.2949 83.4445
1.0169 4.2949 84.8968
1.6949 4.2949 86.5324
2.3729 4.2949 87.6547
3.0508 4.2949 88.5369
3.7288 4.2949 89.2484
4.4068 4.2949 89.7941
5.0847 4.2949 90.1959
5.7627 4.2949 90.4354
6.4407 4.2949 90.4869
7.1186 4.2949 90.3243
7.7966 4.2949 89.9218
8.4746 4.2949 89.2263
9.1525 4.2949 88.1208
9.8305 4.2949 86.5197
10.5085 4.2949 84.3478
11.1864 4.2949 81.6118
11.8644 4.2949 78.3620
12.5424 4.2949 74.6634
13.2203 4.2949 70.5809
13.8983 4.2949 66.1191
14.5763 4.2949 61.2794
15.2542 4.2949 56.0635
15.9322 4.2949 50.4728
16.6102 4.2949 44.4691
17.2881 4.2949 37.9937
17.9661 4.2949 31.0082
18.6441 4.2949 23.3914
19.3220 4.2949 15.2442
20.0000 4.2949 7.2342
-20.0000 4.3974 8.6624
-19.3220 4.3974 13.9183
-18.6441 4.3974 19.2835
-17.9661 4.3974 24.6036
-17.2881 4.3974 29.8364
-16.6102 4.3974 34.9587
-15.9322 4.3974 39.9472
-15.2542 4.3974 44.7787
-14.5763 4.3974 49.4299
-13.8983 4.3974 53.8776
-13.2203 4.3974 58.0986
-12.5424 4.3974 62.0696
-11.8644 4.3974 65.7691
-11.1864 4.3974 69.2079
-10.5085 4.3974 72.5490
-9.8305 4.3974 75.3145
-9.1525 4.3974 76.9398
-8.4746 4.3974 78.5522
-7.7966 4.3974 79.7597
-7.1186 4.3974 80.5981
-6.4407 4.3974 81.1263
-5.7627 4.3974 81.3998
-5.0847 4.3974 81.4743
-4.4068 4.3974 81.4054
-3.7288 4.3974 81.2488
-3.0508 4.3974 81.0602
-2.3729 4.3974 80.8952
-1.6949 4.3974 80.8094
-1.0169 4.3974 80.8585
-0.3390 4.3974 81.1905
0.3390 4.3974 82.0422
1.0169 4.3974 83.3456
1.6949 4.3974 84.3423
2.3729 4.3974 85.2004
3.0508 4.3974 85.9686
3.7288 4.3974 86.6327
4.4068 4.3974 87.1669
5.0847 4.3974 87.5452
5.7627 4.3974 87.7418
6.4407 4.3974 87.7305
7.1186 4.3974 87.4857
7.7966 4.3974 86.9812
8.4746 4.3974 86.1912
9.1525 4.3974 85.0850
9.8305 4.3974 83.5240
10.5085 4.3974 81.4037
11.1864 4.3974 78.7414
11.8644 4.3974 75.6548
12.5424 4.3974 72.1844
13.2203 4.3974 68.3318
13.8983 4.3974 64.0985
14.5763 4.3974 59.4862
15.2542 4.3974 54.4964
15.9322 4.3974 49.1307
16.6102 4.3974 43.3908
17.2881 4.3974 37.2781
17.9661 4.3974 30.7944
18.6441 4.3974 23.8786
19.3220 4.3974 16.4278
20.0000 4.3974 8.6056
-20.0000 4.5000 10.0000
-19.3220 4.5000 14.9066
-18.6441 4.5000 19.7900
-17.9661 4.5000 24.6269
-17.2881 4.5000 29.3940
-16.6102 4.5000 34.0682
-15.9322 4.5000 38.6262
-15.2542 4.5000 43.0448
-14.5763 4.5000 47.3007
-13.8983 4.5000 51.3707
-13.2203 4.5000 55.2315
-12.5424 4.5000 58.8599
-11.8644 4.5000 62.2327
-11.1864 4.5000 65.3266
-10.5085 4.5000 68.1184
-9.8305 4.5000 70.5800
-9.1525 4.5000 72.6018
-8.4746 4.5000 74.1885
-7.7966 4.5000 75.3957
-7.1186 4.5000 76.2790
-6.4407 4.5000 76.8941
-5.7627 4.5000 77.2966
-5.0847 4.5000 77.5422
-4.4068 4.5000 77.6865
-3.7288 4.5000 77.7853
-3.0508 4.5000 77.8940
-2.3729 4.5000 78.0685
-1.6949 4.5000 78.3643
-1.0169 4.5000 78.8372
-0.3390 4.5000 79.5426
0.3390 4.5000 80.4943
1.0169 4.5000 81.4648
1.6949 4.5000 82.3894
2.3729 4.5000 83.2422
3.0508 4.5000 83.9973
3.7288 4.5000 84.6288
4.4068 4.5000 85.1108
5.0847 4.5000 85.4172
5.7627 4.5000 85.5223
6.4407 4.5000 85.4000
7.1186 4.5000 85.0244
7.7966 4.5000 84.3696
8.4746 4.5000 83.4097
9.1525 4.5000 82.1188
9.8305 4.5000 80.4708
10.5085 4.5000 78.4419
11.1864 4.5000 76.0248
11.8644 4.5000 73.2211
12.5424 4.5000 70.0325
13.2203 4.5000 66.4603
13.8983 4.5000 62.5063
14.5763 4.5000 58.1721
15.2542 4.5000 53.4592
15.9322 4.5000 48.3693
16.6102 4.5000 42.9038
17.2881 4.5000 37.0645
17.9661 4.5000 30.8528
18.6441 4.5000 24.2705
19.3220 4.5000 17.3190
20.0000 4.5000 10.0000
