angle radius accuracy
18.305084745762713 3.576923076923077 72.66988527576963
24.406779661016948 3.576923076923077 76.8588605963976
30.508474576271183 3.576923076923077 79.98976513543678
36.610169491525426 3.576923076923077 81.41594254255958
42.71186440677966 3.576923076923077 80.49073400039613
48.813559322033896 3.576923076923077 76.5442944106373
54.91525423728813 3.576923076923077 69.59442280101473
61.01694915254237 3.576923076923077 61.6222817608356
67.11864406779661 3.576923076923077 54.70478155427393
73.22033898305085 3.576923076923077 50.92110301026929
79.32203389830508 3.576923076923077 50.99008288568927
85.42372881355932 3.576923076923077 54.389840069836595
91.52542372881355 3.576923076923077 59.75498863414355
97.62711864406779 3.576923076923077 65.38574313661147
103.72881355932203 3.576923076923077 69.58231813524154
109.83050847457626 3.576923076923077 70.87281390357212
115.9322033898305 3.576923076923077 69.28322160335084
122.03389830508473 3.576923076923077 66.15812919560543
128.135593220339 3.576923076923077 62.93160804946187
134.23728813559322 3.576923076923077 61.03878904484141
140.33898305084745 3.576923076923077 61.741561307572596
146.4406779661017 3.576923076923077 64.22480519363143
152.54237288135593 3.576923076923077 67.11955183022232
158.64406779661016 3.576923076923077 69.07013023506218
164.7457627118644 3.576923076923077 68.68736448477225
170.84745762711864 3.576923076923077 67.07819567327739
176.94915254237287 3.576923076923077 65.14695921115442
183.0508474576271 3.576923076923077 63.10600315588193
189.15254237288136 3.576923076923077 61.2028717430733
195.25423728813558 3.576923076923077 59.69931513937625
201.3559322033898 3.576923076923077 58.9991838856837
207.45762711864407 3.576923076923077 58.867965755940084
213.5593220338983 3.576923076923077 59.22294186079963
219.66101694915253 3.576923076923077 59.98930229304181
225.76271186440678 3.576923076923077 61.071550966719265
231.864406779661 3.576923076923077 61.49206939368562
237.96610169491524 3.576923076923077 61.30731403292036
244.06779661016947 3.576923076923077 60.856578615545345
250.16949152542372 3.576923076923077 60.48416350919131
256.271186440678 3.576923076923077 60.55628801493898
262.3728813559322 3.576923076923077 61.48894952511785
268.47457627118644 3.576923076923077 63.07058847061964
274.5762711864407 3.576923076923077 64.80431208138201
280.6779661016949 3.576923076923077 66.19315556928959
286.77966101694915 3.576923076923077 66.74448903565369
292.8813559322034 3.576923076923077 66.87519630049756
298.9830508474576 3.576923076923077 66.51269543264334
305.08474576271186 3.576923076923077 65.24369660449405
311.18644067796606 3.576923076923077 62.65663407756707
317.2881355932203 3.576923076923077 58.35703964861297
323.3898305084746 3.576923076923077 52.46202313599798
329.4915254237288 3.576923076923077 45.8383237974277
335.59322033898303 3.576923076923077 39.3685846441662
341.6949152542373 3.576923076923077 33.93544868747774
18.305084745762713 3.730769230769231 72.97586707437935
24.406779661016948 3.730769230769231 77.00413325509811
30.508474576271183 3.730769230769231 79.85209412629568
36.610169491525426 3.730769230769231 80.87304349163675
42.71186440677966 3.730769230769231 79.33910002514502
48.813559322033896 3.730769230769231 75.36222160844409
54.91525423728813 3.730769230769231 68.41974894422961
61.01694915254237 3.730769230769231 60.847755905824826
67.11864406779661 3.730769230769231 54.723152757403724
73.22033898305085 3.730769230769231 52.189662186177934
79.32203389830508 3.730769230769231 51.9455994312513
85.42372881355932 3.730769230769231 54.66619332137187
91.52542372881355 3.730769230769231 59.69902215721421
97.62711864406779 3.730769230769231 65.31889071672367
103.72881355932203 3.730769230769231 69.75908055525574
109.83050847457626 3.730769230769231 71.72055678701575
115.9322033898305 3.730769230769231 70.84082183182322
122.03389830508473 3.730769230769231 68.10269254949081
128.135593220339 3.730769230769231 64.99194795575245
134.23728813559322 3.730769230769231 62.99026961852939
140.33898305084745 3.730769230769231 63.56449419346029
146.4406779661017 3.730769230769231 65.71091668476086
152.54237288135593 3.730769230769231 68.01248106776433
158.64406779661016 3.730769230769231 69.10980575924837
164.7457627118644 3.730769230769231 67.47524703311973
170.84745762711864 3.730769230769231 65.92953628802539
176.94915254237287 3.730769230769231 64.2120870653406
183.0508474576271 3.730769230769231 62.34194589220894
189.15254237288136 3.730769230769231 60.56281811185787
195.25423728813558 3.730769230769231 59.20780251466434
201.3559322033898 3.730769230769231 58.91576167906736
207.45762711864407 3.730769230769231 59.25793978615329
213.5593220338983 3.730769230769231 60.072165382566695
219.66101694915253 3.730769230769231 61.29761625725695
225.76271186440678 3.730769230769231 63.020835462159404
231.864406779661 3.730769230769231 63.206585177997745
237.96610169491524 3.730769230769231 62.89728218624068
244.06779661016947 3.730769230769231 62.256889897565536
250.16949152542372 3.730769230769231 61.62970983757095
256.271186440678 3.730769230769231 61.47640073056205
262.3728813559322 3.730769230769231 62.07339308815947
268.47457627118644 3.730769230769231 63.39561847955257
274.5762711864407 3.730769230769231 64.96390585190758
280.6779661016949 3.730769230769231 66.2812904171091
286.77966101694915 3.730769230769231 66.74557157886363
292.8813559322034 3.730769230769231 66.71254640125622
298.9830508474576 3.730769230769231 66.39058579844371
305.08474576271186 3.730769230769231 65.23995537177996
311.18644067796606 3.730769230769231 62.849089382782395
317.2881355932203 3.730769230769231 58.88329955015896
323.3898305084746 3.730769230769231 53.35483324190757
329.4915254237288 3.730769230769231 47.25893447537086
335.59322033898303 3.730769230769231 41.483905950760196
341.6949152542373 3.730769230769231 36.98035145080416
18.305084745762713 3.8846153846153846 73.2214082380066
24.406779661016948 3.8846153846153846 77.0565416025124
30.508474576271183 3.8846153846153846 79.60063187072281
36.610169491525426 3.8846153846153846 80.15119527490437
42.71186440677966 3.8846153846153846 78.16871637160725
48.813559322033896 3.8846153846153846 74.28038756549387
54.91525423728813 3.8846153846153846 67.40896358566296
61.01694915254237 3.8846153846153846 60.26325956819947
67.11864406779661 3.8846153846153846 55.041180561022564
73.22033898305085 3.8846153846153846 53.48575920649606
79.32203389830508 3.8846153846153846 53.20228739819221
85.42372881355932 3.8846153846153846 55.10945535160215
91.52542372881355 3.8846153846153846 59.786358549067
97.62711864406779 3.8846153846153846 65.37445579310557
103.72881355932203 3.8846153846153846 69.92393459141789
109.83050847457626 3.8846153846153846 72.12445742338842
115.9322033898305 3.8846153846153846 72.3502437105551
122.03389830508473 3.8846153846153846 69.98530600768952
128.135593220339 3.8846153846153846 66.97401180093715
134.23728813559322 3.8846153846153846 64.9070781984425
140.33898305084745 3.8846153846153846 65.34228368471287
146.4406779661017 3.8846153846153846 67.18181361944833
152.54237288135593 3.8846153846153846 68.92037721116704
158.64406779661016 3.8846153846153846 68.87667745060507
164.7457627118644 3.8846153846153846 66.27835907484393
170.84745762711864 3.8846153846153846 64.74649872985873
176.94915254237287 3.8846153846153846 63.17778936231865
183.0508474576271 3.8846153846153846 61.504858618401826
189.15254237288136 3.8846153846153846 59.876130017582284
195.25423728813558 3.8846153846153846 58.73158608234862
201.3559322033898 3.8846153846153846 58.75542849306077
207.45762711864407 3.8846153846153846 59.53135200868736
213.5593220338983 3.8846153846153846 60.76520796988411
219.66101694915253 3.8846153846153846 62.58740847319092
225.76271186440678 3.8846153846153846 64.93868511638766
231.864406779661 3.8846153846153846 64.77067653320242
237.96610169491524 3.8846153846153846 64.37460685378
244.06779661016947 3.8846153846153846 63.56713709611632
250.16949152542372 3.8846153846153846 62.71060623978273
256.271186440678 3.8846153846153846 62.3917178201404
262.3728813559322 3.8846153846153846 62.69281543481455
268.47457627118644 3.8846153846153846 63.74984582120541
274.5762711864407 3.8846153846153846 65.15010199796902
280.6779661016949 3.8846153846153846 66.38709700034406
286.77966101694915 3.8846153846153846 66.7470416787098
292.8813559322034 3.8846153846153846 66.51188538198913
298.9830508474576 3.8846153846153846 66.19917141899731
305.08474576271186 3.8846153846153846 65.1903182051467
311.18644067796606 3.8846153846153846 63.02665714326076
317.2881355932203 3.8846153846153846 59.42221498307039
323.3898305084746 3.8846153846153846 54.29308454977058
329.4915254237288 3.8846153846153846 48.724429731104124
335.59322033898303 3.8846153846153846 43.65859628381639
341.6949152542373 3.8846153846153846 40.14275721089523
18.305084745762713 4.038461538461538 73.39376190951806
24.406779661016948 4.038461538461538 76.99737308207159
30.508474576271183 4.038461538461538 79.21078186258087
36.610169491525426 4.038461538461538 79.07474030444945
42.71186440677966 4.038461538461538 77.01142841751788
48.813559322033896 4.038461538461538 73.21516592028756
54.91525423728813 4.038461538461538 66.51455548317895
61.01694915254237 4.038461538461538 59.83630433568207
67.11864406779661 4.038461538461538 55.86490099672232
73.22033898305085 4.038461538461538 54.76147156725167
79.32203389830508 4.038461538461538 54.49488517098887
85.42372881355932 4.038461538461538 55.7548086349179
91.52542372881355 4.038461538461538 59.954964241759384
97.62711864406779 4.038461538461538 65.48834013336422
103.72881355932203 4.038461538461538 70.06984307229038
109.83050847457626 4.038461538461538 72.37572374466585
115.9322033898305 4.038461538461538 73.59781476268046
122.03389830508473 4.038461538461538 71.7952834691917
128.135593220339 4.038461538461538 68.87030215798842
134.23728813559322 4.038461538461538 66.766100130986
140.33898305084745 4.038461538461538 67.05795633728886
146.4406779661017 4.038461538461538 68.61002913513425
152.54237288135593 4.038461538461538 69.7228594176046
158.64406779661016 4.038461538461538 68.1741290139636
164.7457627118644 4.038461538461538 65.10692174665851
170.84745762711864 4.038461538461538 63.58619201085434
176.94915254237287 4.038461538461538 62.11228650339036
183.0508474576271 4.038461538461538 60.633136776673986
189.15254237288136 4.038461538461538 59.19226130896227
195.25423728813558 4.038461538461538 58.28086329935089
201.3559322033898 4.038461538461538 58.57783131123327
207.45762711864407 4.038461538461538 59.739301360782974
213.5593220338983 4.038461538461538 61.41913946577217
219.66101694915253 4.038461538461538 64.04971120097619
225.76271186440678 4.038461538461538 66.79895923684857
231.864406779661 4.038461538461538 66.21880869763022
237.96610169491524 4.038461538461538 65.74985954050098
244.06779661016947 4.038461538461538 64.80222069680434
250.16949152542372 4.038461538461538 63.759984166844234
256.271186440678 4.038461538461538 63.291853805882326
262.3728813559322 4.038461538461538 63.346733452364816
268.47457627118644 4.038461538461538 64.10624981511042
274.5762711864407 4.038461538461538 65.334949084231
280.6779661016949 4.038461538461538 66.46772715927165
286.77966101694915 4.038461538461538 66.73138937585907
292.8813559322034 4.038461538461538 66.40958954747062
298.9830508474576 4.038461538461538 65.97127747223824
305.08474576271186 4.038461538461538 65.118052228287
311.18644067796606 4.038461538461538 63.2152728825689
317.2881355932203 4.038461538461538 59.97249722252527
323.3898305084746 4.038461538461538 55.26774464046095
329.4915254237288 4.038461538461538 50.22635147305577
335.59322033898303 4.038461538461538 46.0091289467542
341.6949152542373 4.038461538461538 43.281177090476234
18.305084745762713 4.1923076923076925 73.4701715094933
24.406779661016948 4.1923076923076925 76.80803711544296
30.508474576271183 4.1923076923076925 78.5840364336847
36.610169491525426 4.1923076923076925 77.76769977603992
42.71186440677966 4.1923076923076925 75.86787034830806
48.813559322033896 4.1923076923076925 72.16968970791645
54.91525423728813 4.1923076923076925 65.68907604414402
61.01694915254237 4.1923076923076925 59.6742173610537
67.11864406779661 4.1923076923076925 56.94127911734649
73.22033898305085 4.1923076923076925 56.00865377375151
79.32203389830508 4.1923076923076925 55.77261128237218
85.42372881355932 4.1923076923076925 56.68492115087032
91.52542372881355 4.1923076923076925 60.17239400957469
97.62711864406779 4.1923076923076925 65.58259542861177
103.72881355932203 4.1923076923076925 70.18998470888278
109.83050847457626 4.1923076923076925 72.57863251524172
115.9322033898305 4.1923076923076925 74.37448675359786
122.03389830508473 4.1923076923076925 73.48192560043208
128.135593220339 4.1923076923076925 70.68262330818942
134.23728813559322 4.1923076923076925 68.54422076256509
140.33898305084745 4.1923076923076925 68.69272768890048
146.4406779661017 4.1923076923076925 69.96083200654411
152.54237288135593 4.1923076923076925 70.16142995240368
158.64406779661016 4.1923076923076925 67.21578840018263
164.7457627118644 4.1923076923076925 63.97115618527717
170.84745762711864 4.1923076923076925 62.46544073867233
176.94915254237287 4.1923076923076925 61.07569357399093
183.0508474576271 4.1923076923076925 59.767492523243675
189.15254237288136 4.1923076923076925 58.544064691685435
195.25423728813558 4.1923076923076925 57.86583162259295
201.3559322033898 4.1923076923076925 58.434491168083895
207.45762711864407 4.1923076923076925 59.940335418787626
213.5593220338983 4.1923076923076925 62.11605493448803
219.66101694915253 4.1923076923076925 65.66452307845285
225.76271186440678 4.1923076923076925 68.5785223223612
231.864406779661 4.1923076923076925 67.83926361075414
237.96610169491524 4.1923076923076925 67.00309736840691
244.06779661016947 4.1923076923076925 65.97658933311843
250.16949152542372 4.1923076923076925 64.77831380693517
256.271186440678 4.1923076923076925 64.16997537534324
262.3728813559322 4.1923076923076925 64.0281420186156
268.47457627118644 4.1923076923076925 64.45719725861997
274.5762711864407 4.1923076923076925 65.49060337960209
280.6779661016949 4.1923076923076925 66.51235447649744
286.77966101694915 4.1923076923076925 66.69047851288883
292.8813559322034 4.1923076923076925 66.34137224995929
298.9830508474576 4.1923076923076925 65.7934435121933
305.08474576271186 4.1923076923076925 65.04640887748954
311.18644067796606 4.1923076923076925 63.41980214894085
317.2881355932203 4.1923076923076925 60.538692989043994
323.3898305084746 4.1923076923076925 56.26764822856136
329.4915254237288 4.1923076923076925 51.80423290270354
335.59322033898303 4.1923076923076925 48.57492442052341
341.6949152542373 4.1923076923076925 46.35741384418945
18.305084745762713 4.346153846153847 73.4278804585119
24.406779661016948 4.346153846153847 76.4662305741962
30.508474576271183 4.346153846153847 77.64222346002043
36.610169491525426 4.346153846153847 76.51987986407443
42.71186440677966 4.346153846153847 74.7425923861494
48.813559322033896 4.346153846153847 71.14850915055212
54.91525423728813 4.346153846153847 64.92096550965377
61.01694915254237 4.346153846153847 59.88900238719146
67.11864406779661 4.346153846153847 58.022537339419465
73.22033898305085 4.346153846153847 57.219183226268754
79.32203389830508 4.346153846153847 57.0141198180186
85.42372881355932 4.346153846153847 57.79278738323893
91.52542372881355 4.346153846153847 60.496850531019135
97.62711864406779 4.346153846153847 65.6352446153132
103.72881355932203 4.346153846153847 70.27753821220455
109.83050847457626 4.346153846153847 72.75181287919057
115.9322033898305 4.346153846153847 74.7324732404408
122.03389830508473 4.346153846153847 74.9005272907922
128.135593220339 4.346153846153847 72.39092850383122
134.23728813559322 4.346153846153847 70.21832543958499
140.33898305084745 4.346153846153847 70.22348308595289
146.4406779661017 4.346153846153847 71.13231649215618
152.54237288135593 4.346153846153847 70.13029045409617
158.64406779661016 4.346153846153847 66.11623739453098
164.7457627118644 4.346153846153847 62.88128352741354
170.84745762711864 4.346153846153847 61.39474653158681
176.94915254237287 4.346153846153847 60.07425641143457
183.0508474576271 4.346153846153847 58.942376336166305
189.15254237288136 4.346153846153847 57.94175663757018
195.25423728813558 4.346153846153847 57.49668850899658
201.3559322033898 4.346153846153847 58.33703958809609
207.45762711864407 4.346153846153847 60.18620422526279
213.5593220338983 4.346153846153847 62.89524350691239
219.66101694915253 4.346153846153847 67.27838943477447
225.76271186440678 4.346153846153847 70.25423887174455
231.864406779661 4.346153846153847 69.57034116598749
237.96610169491524 4.346153846153847 68.10313404497653
244.06779661016947 4.346153846153847 67.08592495692614
250.16949152542372 4.346153846153847 65.75876184761097
256.271186440678 4.346153846153847 65.01924921607848
262.3728813559322 4.346153846153847 64.71742183100166
268.47457627118644 4.346153846153847 64.81301840532714
274.5762711864407 4.346153846153847 65.60162151501073
280.6779661016949 4.346153846153847 66.51285186723479
286.77966101694915 4.346153846153847 66.61618200501249
292.8813559322034 4.346153846153847 66.24577908747011
298.9830508474576 4.346153846153847 65.69719244895403
305.08474576271186 4.346153846153847 64.99687070342547
311.18644067796606 4.346153846153847 63.64479166289703
317.2881355932203 4.346153846153847 61.12534900314691
323.3898305084746 4.346153846153847 57.28810615531213
329.4915254237288 4.346153846153847 53.51986977177534
335.59322033898303 4.346153846153847 51.16644654920762
341.6949152542373 4.346153846153847 49.34759095696856
18.305084745762713 4.5 73.24413217715343
24.406779661016948 4.5 75.9204686371567
30.508474576271183 4.5 76.33558283120678
36.610169491525426 4.5 75.32419231716662
42.71186440677966 4.5 73.64014475321343
48.813559322033896 4.5 70.15617447036608
54.91525423728813 4.5 64.294317610157
61.01694915254237 4.5 60.529897773527146
67.11864406779661 4.5 59.085528629980494
73.22033898305085 4.5 58.38493732507656
79.32203389830508 4.5 58.21085299995556
85.42372881355932 4.5 58.900661439480174
91.52542372881355 4.5 60.99675855501398
97.62711864406779 4.5 65.63946640447804
103.72881355932203 4.5 70.32568229326529
109.83050847457626 4.5 72.89460179615389
115.9322033898305 4.5 75.00198956273013
122.03389830508473 4.5 75.93967062768198
128.135593220339 4.5 73.97210309131904
134.23728813559322 4.5 71.76529950845091
140.33898305084745 4.5 71.62710787485133
146.4406779661017 4.5 72.01784538211966
152.54237288135593 4.5 69.66573721188303
158.64406779661016 4.5 65.01075822399332
164.7457627118644 4.5 61.84752490978131
170.84745762711864 4.5 60.38096195601866
176.94915254237287 4.5 59.12129385227071
183.0508474576271 4.5 58.1653104958564
189.15254237288136 4.5 57.395534603538295
195.25423728813558 4.5 57.18363141548359
201.3559322033898 4.5 58.29567402819164
207.45762711864407 4.5 60.4864074186407
213.5593220338983 4.5 63.87817340588294
219.66101694915253 4.5 68.76636752794214
225.76271186440678 4.5 71.80297338381764
231.864406779661 4.5 71.28498580080998
237.96610169491524 4.5 69.21039277008039
244.06779661016947 4.5 68.10090420393716
250.16949152542372 4.5 66.69449497642692
256.271186440678 4.5 65.83284201564341
262.3728813559322 4.5 65.3957553638324
268.47457627118644 4.5 65.1884143668187
274.5762711864407 4.5 65.67630777292837
280.6779661016949 4.5 66.46109224669709
286.77966101694915 4.5 66.5003727674434
292.8813559322034 4.5 66.11783708166209
298.9830508474576 4.5 65.68584205929731
305.08474576271186 4.5 64.98862273315221
311.18644067796606 4.5 63.89478814495778
317.2881355932203 4.5 61.737011985354414
323.3898305084746 4.5 58.34266707619045
329.4915254237288 4.5 55.42023036463537
335.59322033898303 4.5 53.708222701682516
341.6949152542373 4.5 52.22893886862934
18.305084745762713 4.653846153846154 72.89617008599754
24.406779661016948 4.653846153846154 75.10803803967
30.508474576271183 4.653846153846154 74.9694105303158
36.610169491525426 4.653846153846154 74.16875820065748
42.71186440677966 4.653846153846154 72.56507767167172
48.813559322033896 4.653846153846154 69.19723588952989
54.91525423728813 4.653846153846154 63.908974509390035
61.01694915254237 4.653846153846154 61.26516512437757
67.11864406779661 4.653846153846154 60.10639656534262
73.22033898305085 4.653846153846154 59.49779347044806
79.32203389830508 4.653846153846154 59.35468822845624
85.42372881355932 4.653846153846154 59.98743204110491
91.52542372881355 4.653846153846154 61.72436919798945
97.62711864406779 4.653846153846154 65.6215474787824
103.72881355932203 4.653846153846154 70.32759566307449
109.83050847457626 4.653846153846154 73.00017797714123
115.9322033898305 4.653846153846154 75.20504628502067
122.03389830508473 4.653846153846154 76.49301684077862
128.135593220339 4.653846153846154 75.39408514768978
134.23728813559322 4.653846153846154 73.16202831556808
140.33898305084745 4.653846153846154 72.88048740200102
146.4406779661017 4.653846153846154 72.51604237917746
152.54237288135593 4.653846153846154 68.91193646597449
158.64406779661016 4.653846153846154 63.97161100746173
164.7457627118644 4.653846153846154 60.88010146909418
170.84745762711864 4.653846153846154 59.43351255739559
176.94915254237287 4.653846153846154 58.22936089165377
183.0508474576271 4.653846153846154 57.44176195348231
189.15254237288136 4.653846153846154 56.91559604651157
195.25423728813558 4.653846153846154 56.93685779897576
201.3559322033898 4.653846153846154 58.32059155816661
207.45762711864407 4.653846153846154 60.848407187658026
213.5593220338983 4.653846153846154 64.97838266685199
219.66101694915253 4.653846153846154 70.10422808261859
225.76271186440678 4.653846153846154 73.2015903573995
231.864406779661 4.653846153846154 72.85870913453508
237.96610169491524 4.653846153846154 70.54056200605818
244.06779661016947 4.653846153846154 68.99047628374294
250.16949152542372 4.653846153846154 67.57867988093847
256.271186440678 4.653846153846154 66.60392046159342
262.3728813559322 4.653846153846154 66.04402762995606
268.47457627118644 4.653846153846154 65.59299184532065
274.5762711864407 4.653846153846154 65.7256483721521
280.6779661016949 4.653846153846154 66.34894853009772
286.77966101694915 4.653846153846154 66.33492371539494
292.8813559322034 4.653846153846154 65.95182919901444
298.9830508474576 4.653846153846154 65.6480442212246
305.08474576271186 4.653846153846154 65.04087713758697
311.18644067796606 4.653846153846154 64.17433831564351
317.2881355932203 4.653846153846154 62.37822865618689
323.3898305084746 4.653846153846154 59.47874989504008
329.4915254237288 4.653846153846154 57.46657525531234
335.59322033898303 4.653846153846154 56.167072216821886
341.6949152542373 4.653846153846154 54.97868801898762
18.305084745762713 4.807692307692308 72.36123760562371
24.406779661016948 4.807692307692308 73.96634120959706
30.508474576271183 4.807692307692308 73.68754610991068
36.610169491525426 4.807692307692308 73.04240582635165
42.71186440677966 4.807692307692308 71.52194136369579
48.813559322033896 4.807692307692308 68.27624363021512
54.91525423728813 4.807692307692308 63.86477837108921
61.01694915254237 4.807692307692308 61.99655005295906
67.11864406779661 4.807692307692308 61.06669036828525
73.22033898305085 4.807692307692308 60.54962906265644
79.32203389830508 4.807692307692308 60.43750290379377
85.42372881355932 4.807692307692308 61.032035752882095
91.52542372881355 4.807692307692308 62.518562284576404
97.62711864406779 4.807692307692308 65.66941686034038
103.72881355932203 4.807692307692308 70.27645703264172
109.83050847457626 4.807692307692308 73.0617201331621
115.9322033898305 4.807692307692308 75.34907299945777
122.03389830508473 4.807692307692308 76.77230902903686
128.135593220339 4.807692307692308 76.53712335781212
134.23728813559322 4.807692307692308 74.38539720734173
140.33898305084745 4.807692307692308 73.9596908827613
146.4406779661017 4.807692307692308 72.5348735043974
152.54237288135593 4.807692307692308 67.97591332894318
158.64406779661016 4.807692307692308 63.009020104588906
164.7457627118644 4.807692307692308 59.9892343420658
170.84745762711864 4.807692307692308 58.562619472431265
176.94915254237287 4.807692307692308 57.40943635225983
183.0508474576271 4.807692307692308 56.77824911037144
189.15254237288136 4.807692307692308 56.51011411369541
195.25423728813558 4.807692307692308 56.766565116394915
201.3559322033898 4.807692307692308 58.416045070258065
207.45762711864407 4.807692307692308 61.356732695970734
213.5593220338983 4.807692307692308 66.08253495450418
219.66101694915253 4.807692307692308 71.26883559762285
225.76271186440678 4.807692307692308 74.42695429130917
231.864406779661 4.807692307692308 74.25917942858797
237.96610169491524 4.807692307692308 71.97929337083843
244.06779661016947 4.807692307692308 69.73890027819036
250.16949152542372 4.807692307692308 68.40448324870094
256.271186440678 4.807692307692308 67.32565124148388
262.3728813559322 4.807692307692308 66.65198610070966
268.47457627118644 4.807692307692308 66.00950875099738
274.5762711864407 4.807692307692308 65.76063776127995
280.6779661016949 4.807692307692308 66.16829363265005
286.77966101694915 4.807692307692308 66.11170776408049
292.8813559322034 4.807692307692308 65.73892260948917
298.9830508474576 4.807692307692308 65.55448195214963
305.08474576271186 4.807692307692308 65.17284608764707
311.18644067796606 4.807692307692308 64.48798889547459
317.2881355932203 4.807692307692308 63.05354573616471
323.3898305084746 4.807692307692308 60.743753477230165
329.4915254237288 4.807692307692308 59.47412489772786
335.59322033898303 4.807692307692308 58.50980481141495
341.6949152542373 4.807692307692308 57.57406884785918
18.305084745762713 4.961538461538462 71.61657815661167
24.406779661016948 4.961538461538462 72.52433855960248
30.508474576271183 4.961538461538462 72.47824722482252
36.610169491525426 4.961538461538462 71.94649926484632
42.71186440677966 4.961538461538462 70.51528605145721
48.813559322033896 4.961538461538462 67.3977479145933
54.91525423728813 4.961538461538462 64.11402560916783
61.01694915254237 4.961538461538462 62.700905526310855
67.11864406779661 4.961538461538462 61.9578410183379
73.22033898305085 4.961538461538462 61.53232150197483
79.32203389830508 4.961538461538462 61.45117442624132
85.42372881355932 4.961538461538462 62.011112818163994
91.52542372881355 4.961538461538462 63.30361176135862
97.62711864406779 4.961538461538462 65.85176876635683
103.72881355932203 4.961538461538462 70.16544511297651
109.83050847457626 4.961538461538462 73.07240697522606
115.9322033898305 4.961538461538462 75.44076953484125
122.03389830508473 4.961538461538462 76.96066141574524
128.135593220339 4.961538461538462 77.28234649496856
134.23728813559322 4.961538461538462 75.41229153017707
140.33898305084745 4.961538461538462 74.76331909524865
146.4406779661017 4.961538461538462 72.11351471280237
152.54237288135593 4.961538461538462 66.97053808993071
158.64406779661016 4.961538461538462 62.13320665208852
164.7457627118644 4.961538461538462 59.18514466540984
170.84745762711864 4.961538461538462 57.77850383783937
176.94915254237287 4.961538461538462 56.67473073606209
183.0508474576271 4.961538461538462 56.1861118668251
189.15254237288136 4.961538461538462 56.17798754461107
195.25423728813558 4.961538461538462 56.682950824662825
201.3559322033898 4.961538461538462 58.5846455720639
207.45762711864407 4.961538461538462 62.059248214018595
213.5593220338983 4.961538461538462 67.07936725366207
219.66101694915253 4.961538461538462 72.23705457177395
225.76271186440678 4.961538461538462 75.4559296843657
231.864406779661 4.961538461538462 75.46326118178769
237.96610169491524 4.961538461538462 73.40593515890797
244.06779661016947 4.961538461538462 70.66326197157944
250.16949152542372 4.961538461538462 69.15434411827668
256.271186440678 4.961538461538462 67.99120104287014
262.3728813559322 4.961538461538462 67.2127974636486
268.47457627118644 4.961538461538462 66.41899924599997
274.5762711864407 4.961538461538462 65.81673251758866
280.6779661016949 4.961538461538462 65.91211951750418
286.77966101694915 4.961538461538462 65.82259782871344
292.8813559322034 4.961538461538462 65.4708663174936
298.9830508474576 4.961538461538462 65.40018227373142
305.08474576271186 4.961538461538462 65.34520902405531
311.18644067796606 4.961538461538462 64.84028660497138
317.2881355932203 4.961538461538462 63.76750994580827
323.3898305084746 4.961538461538462 62.18229413706096
329.4915254237288 4.961538461538462 61.403501883978834
335.59322033898303 4.961538461538462 60.70576951680097
341.6949152542373 4.961538461538462 59.992311795059784
18.305084745762713 5.115384615384615 70.63422001363035
24.406779661016948 5.115384615384615 71.15083960957136
30.508474576271183 5.115384615384615 71.3136631773384
36.610169491525426 5.115384615384615 70.88268201388199
42.71186440677966 5.115384615384615 69.54966195712753
48.813559322033896 5.115384615384615 66.63198349810503
54.91525423728813 5.115384615384615 64.3825451693659
61.01694915254237 5.115384615384615 63.32748564859357
67.11864406779661 5.115384615384615 62.76570315898338
73.22033898305085 5.115384615384615 62.437748188676395
79.32203389830508 5.115384615384615 62.38758019607205
85.42372881355932 5.115384615384615 62.89359842607105
91.52542372881355 5.115384615384615 64.04983286689898
97.62711864406779 5.115384615384615 66.18214988879953
103.72881355932203 5.115384615384615 69.98773861508836
109.83050847457626 5.115384615384615 73.02541721434262
115.9322033898305 5.115384615384615 75.47392737093695
122.03389830508473 5.115384615384615 77.06593633749179
128.135593220339 5.115384615384615 77.57231026342166
134.23728813559322 5.115384615384615 76.21959663047934
140.33898305084745 5.115384615384615 75.16145246611634
146.4406779661017 5.115384615384615 71.3618964182599
152.54237288135593 5.115384615384615 66.07594176411996
158.64406779661016 5.115384615384615 61.354837633918855
164.7457627118644 5.115384615384615 58.47805357583997
170.84745762711864 5.115384615384615 57.09140390201121
176.94915254237287 5.115384615384615 56.06432751965206
183.0508474576271 5.115384615384615 55.676848678469725
189.15254237288136 5.115384615384615 55.92365685410688
195.25423728813558 5.115384615384615 56.6962123807013
201.3559322033898 5.115384615384615 58.84050944201295
207.45762711864407 5.115384615384615 62.842718645408034
213.5593220338983 5.115384615384615 67.9287916741471
219.66101694915253 5.115384615384615 72.9857495038909
225.76271186440678 5.115384615384615 76.26538103538807
231.864406779661 5.115384615384615 76.44721841704397
237.96610169491524 5.115384615384615 74.62521022829229
244.06779661016947 5.115384615384615 71.81214746139055
250.16949152542372 5.115384615384615 69.77738257423968
256.271186440678 5.115384615384615 68.59373655330756
262.3728813559322 5.115384615384615 67.71457176273658
268.47457627118644 5.115384615384615 66.76905934714402
274.5762711864407 5.115384615384615 65.90762418092596
280.6779661016949 5.115384615384615 65.60263896890726
286.77966101694915 5.115384615384615 65.45946682450717
292.8813559322034 5.115384615384615 65.15357893625588
298.9830508474576 5.115384615384615 65.21946587110634
305.08474576271186 5.115384615384615 65.4420408194394
311.18644067796606 5.115384615384615 65.2429838846213
317.2881355932203 5.115384615384615 64.5246680056379
323.3898305084746 5.115384615384615 63.66620111333944
329.4915254237288 5.115384615384615 63.21180002594208
335.59322033898303 5.115384615384615 62.725198346857816
341.6949152542373 5.115384615384615 62.21064730040525
18.305084745762713 5.269230769230769 69.32157990303834
24.406779661016948 5.269230769230769 69.86657162662826
30.508474576271183 5.269230769230769 70.16017708578315
36.610169491525426 5.269230769230769 69.84823622395957
42.71186440677966 5.269230769230769 68.6296193028783
48.813559322033896 5.269230769230769 66.16411428032836
54.91525423728813 5.269230769230769 64.60764499911983
61.01694915254237 5.269230769230769 63.82001001625034
67.11864406779661 5.269230769230769 63.462647189403924
73.22033898305085 5.269230769230769 63.257786523034284
79.32203389830508 5.269230769230769 63.23641339009136
85.42372881355932 5.269230769230769 63.64988622849907
91.52542372881355 5.269230769230769 64.66050235255885
97.62711864406779 5.269230769230769 66.52363013250628
103.72881355932203 5.269230769230769 69.73651624998682
109.83050847457626 5.269230769230769 72.91029012942755
115.9322033898305 5.269230769230769 75.43158815925301
122.03389830508473 5.269230769230769 77.09496185219196
128.135593220339 5.269230769230769 77.68807518891165
134.23728813559322 5.269230769230769 76.78419785465375
140.33898305084745 5.269230769230769 75.05831404299823
146.4406779661017 5.269230769230769 70.60326223785704
152.54237288135593 5.269230769230769 65.37000140187175
158.64406779661016 5.269230769230769 60.70169733480441
164.7457627118644 5.269230769230769 57.87818221006987
170.84745762711864 5.269230769230769 56.53210536957755
176.94915254237287 5.269230769230769 55.61791834934304
183.0508474576271 5.269230769230769 55.32193105093347
189.15254237288136 5.269230769230769 55.75283436609361
195.25423728813558 5.269230769230769 56.81654724143211
201.3559322033898 5.269230769230769 59.30141290510218
207.45762711864407 5.269230769230769 63.59581135490952
213.5593220338983 5.269230769230769 68.67335577898321
219.66101694915253 5.269230769230769 73.5348759246591
225.76271186440678 5.269230769230769 76.83217284319534
231.864406779661 5.269230769230769 77.17620430890695
237.96610169491524 5.269230769230769 75.53728668773805
244.06779661016947 5.269230769230769 72.90334834305595
250.16949152542372 5.269230769230769 70.34023469812831
256.271186440678 5.269230769230769 69.12642446035157
262.3728813559322 5.269230769230769 68.1240693002113
268.47457627118644 5.269230769230769 67.0075175043768
274.5762711864407 5.269230769230769 65.97071823268911
280.6779661016949 5.269230769230769 65.26566016167104
286.77966101694915 5.269230769230769 65.01418766667504
292.8813559322034 5.269230769230769 64.8218804458814
298.9830508474576 5.269230769230769 65.07440842584475
305.08474576271186 5.269230769230769 65.49464352524042
311.18644067796606 5.269230769230769 65.72090358095538
317.2881355932203 5.269230769230769 65.34136256641168
323.3898305084746 5.269230769230769 65.07161785055091
329.4915254237288 5.269230769230769 64.83151024503584
335.59322033898303 5.269230769230769 64.53576606201297
341.6949152542373 5.269230769230769 64.20630580371142
18.305084745762713 5.423076923076923 67.84828323619291
24.406779661016948 5.423076923076923 68.58312006944283
30.508474576271183 5.423076923076923 69.01449402883483
36.610169491525426 5.423076923076923 68.84032166724833
42.71186440677966 5.423076923076923 67.7585195375629
48.813559322033896 5.423076923076923 65.82604061204715
54.91525423728813 5.423076923076923 64.6580737741656
61.01694915254237 5.423076923076923 64.15200790445303
67.11864406779661 5.423076923076923 64.02219798555956
73.22033898305085 5.423076923076923 63.98299900013522
79.32203389830508 5.423076923076923 63.959804856500874
85.42372881355932 5.423076923076923 64.25055583159244
91.52542372881355 5.423076923076923 65.09015927873382
97.62711864406779 5.423076923076923 66.73398356816064
103.72881355932203 5.423076923076923 69.44438852607213
109.83050847457626 5.423076923076923 72.70045130269438
115.9322033898305 5.423076923076923 75.29648293399296
122.03389830508473 5.423076923076923 77.03459022840505
128.135593220339 5.423076923076923 77.70243892413468
134.23728813559322 5.423076923076923 77.08002841863939
140.33898305084745 5.423076923076923 74.64938524924823
146.4406779661017 5.423076923076923 70.13653839020452
152.54237288135593 5.423076923076923 64.89364070705288
158.64406779661016 5.423076923076923 60.21569979281919
164.7457627118644 5.423076923076923 57.39575170481322
170.84745762711864 5.423076923076923 56.146995060937556
176.94915254237287 5.423076923076923 55.37209294990165
183.0508474576271 5.423076923076923 55.193992741338825
189.15254237288136 5.423076923076923 55.72584900538095
195.25423728813558 5.423076923076923 57.0541528637771
201.3559322033898 5.423076923076923 59.89468172318186
207.45762711864407 5.423076923076923 64.3306157448385
213.5593220338983 5.423076923076923 69.35998073595793
219.66101694915253 5.423076923076923 73.98455520510733
225.76271186440678 5.423076923076923 77.13316960660653
231.864406779661 5.423076923076923 77.60603651425404
237.96610169491524 5.423076923076923 76.09773862922017
244.06779661016947 5.423076923076923 73.59442002067313
250.16949152542372 5.423076923076923 71.08229059968289
256.271186440678 5.423076923076923 69.58236486029135
262.3728813559322 5.423076923076923 68.40984580125763
268.47457627118644 5.423076923076923 67.10353162963936
274.5762711864407 5.423076923076923 65.87696998216792
280.6779661016949 5.423076923076923 64.94370849557461
286.77966101694915 5.423076923076923 64.48186714370227
292.8813559322034 5.423076923076923 64.50628545298737
298.9830508474576 5.423076923076923 64.99548181227719
305.08474576271186 5.423076923076923 65.65238529099935
311.18644067796606 5.423076923076923 66.17992495858151
317.2881355932203 5.423076923076923 66.28251569253185
323.3898305084746 5.423076923076923 66.29361734659538
329.4915254237288 5.423076923076923 66.22719399884778
335.59322033898303 5.423076923076923 66.10513407359242
341.6949152542373 5.423076923076923 65.94932737181594
18.305084745762713 5.576923076923077 66.3825846098063
24.406779661016948 5.576923076923077 67.27514756369607
30.508474576271183 5.576923076923077 67.86424764372791
36.610169491525426 5.576923076923077 67.84780140278127
42.71186440677966 5.576923076923077 66.9237253937357
48.813559322033896 5.576923076923077 65.34242237824733
54.91525423728813 5.576923076923077 64.53009952551679
61.01694915254237 5.576923076923077 64.32566143575124
67.11864406779661 5.576923076923077 64.4434630916008
73.22033898305085 5.576923076923077 64.59727572990565
79.32203389830508 5.576923076923077 64.52439670546202
85.42372881355932 5.576923076923077 64.67165650166318
91.52542372881355 5.576923076923077 65.31947795631193
97.62711864406779 5.576923076923077 66.72322943964387
103.72881355932203 5.576923076923077 69.1382793218945
109.83050847457626 5.576923076923077 72.36512449198148
115.9322033898305 5.576923076923077 75.0348353544828
122.03389830508473 5.576923076923077 76.84662188009763
128.135593220339 5.576923076923077 77.58814980703
134.23728813559322 5.576923076923077 77.05372733241838
140.33898305084745 5.576923076923077 74.57021229737943
146.4406779661017 5.576923076923077 69.98841760591871
152.54237288135593 5.576923076923077 64.67657209035008
158.64406779661016 5.576923076923077 59.929683343699374
164.7457627118644 5.576923076923077 57.04265519941015
170.84745762711864 5.576923076923077 55.974102188126594
176.94915254237287 5.576923076923077 55.359039538097655
183.0508474576271 5.576923076923077 55.31938097118991
189.15254237288136 5.576923076923077 55.96828105753528
195.25423728813558 5.576923076923077 57.41482657404448
201.3559322033898 5.576923076923077 60.540279193981995
207.45762711864407 5.576923076923077 65.07940617944358
213.5593220338983 5.576923076923077 70.0231978907957
219.66101694915253 5.576923076923077 74.37343283660557
225.76271186440678 5.576923076923077 77.12521690403841
231.864406779661 5.576923076923077 77.67239841841565
237.96610169491524 5.576923076923077 76.24060438916541
244.06779661016947 5.576923076923077 73.81378963640199
250.16949152542372 5.576923076923077 71.3781640711954
256.271186440678 5.576923076923077 69.93354901462637
262.3728813559322 5.576923076923077 68.55563426363274
268.47457627118644 5.576923076923077 67.04392440005456
274.5762711864407 5.576923076923077 65.6119670606232
280.6779661016949 5.576923076923077 64.47330988206997
286.77966101694915 5.576923076923077 63.90212577653021
292.8813559322034 5.576923076923077 64.20652245779532
298.9830508474576 5.576923076923077 64.97569718906512
305.08474576271186 5.576923076923077 65.9125790397673
311.18644067796606 5.576923076923077 66.72009707932948
317.2881355932203 5.576923076923077 67.12659366573844
323.3898305084746 5.576923076923077 67.29205337806448
329.4915254237288 5.576923076923077 67.37998719084176
335.59322033898303 5.576923076923077 67.41228442611124
341.6949152542373 5.576923076923077 67.41083488485964
18.305084745762713 5.730769230769231 64.87849945605697
24.406779661016948 5.730769230769231 65.8845818921124
30.508474576271183 5.730769230769231 66.6587422439778
36.610169491525426 5.730769230769231 66.82735627486475
42.71186440677966 5.730769230769231 66.09454599787081
48.813559322033896 5.730769230769231 64.85369277956545
54.91525423728813 5.730769230769231 64.39862510838189
61.01694915254237 5.730769230769231 64.49742599495931
67.11864406779661 5.730769230769231 64.86445042194786
73.22033898305085 5.730769230769231 65.14833047726175
79.32203389830508 5.730769230769231 64.93322941373151
85.42372881355932 5.730769230769231 64.93513058901083
91.52542372881355 5.730769230769231 65.39815100304858
97.62711864406779 5.730769230769231 66.56881063216724
103.72881355932203 5.730769230769231 68.7156265308432
109.83050847457626 5.730769230769231 71.83806711835894
115.9322033898305 5.730769230769231 74.553863369636
122.03389830508473 5.730769230769231 76.41173528402658
128.135593220339 5.730769230769231 77.1993575717335
134.23728813559322 5.730769230769231 76.7504653111534
140.33898305084745 5.730769230769231 74.73530489072583
146.4406779661017 5.730769230769231 70.08704455885072
152.54237288135593 5.730769230769231 64.66569577591132
158.64406779661016 5.730769230769231 59.80930376188988
164.7457627118644 5.730769230769231 56.818063323016645
170.84745762711864 5.730769230769231 56.03017405296316
176.94915254237287 5.730769230769231 55.565223998856844
183.0508474576271 5.730769230769231 55.649515653818796
189.15254237288136 5.730769230769231 56.400968142682
195.25423728813558 5.730769230769231 57.89639198489179
201.3559322033898 5.730769230769231 61.17749402326975
207.45762711864407 5.730769230769231 65.79596201457787
213.5593220338983 5.730769230769231 70.63032848820431
219.66101694915253 5.730769230769231 74.67383407781972
225.76271186440678 5.730769230769231 76.79353467364868
231.864406779661 5.730769230769231 77.26560437480313
237.96610169491524 5.730769230769231 75.84632802756326
244.06779661016947 5.730769230769231 73.43203095681022
250.16949152542372 5.730769230769231 71.10169210366087
256.271186440678 5.730769230769231 70.20279060052042
262.3728813559322 5.730769230769231 68.63065223150406
268.47457627118644 5.730769230769231 66.91645143598367
274.5762711864407 5.730769230769231 65.2820031646101
280.6779661016949 5.730769230769231 63.960230174820346
286.77966101694915 5.730769230769231 63.19599988265967
292.8813559322034 5.730769230769231 63.768799186929314
298.9830508474576 5.730769230769231 64.8209582334722
305.08474576271186 5.730769230769231 66.04082439944744
311.18644067796606 5.730769230769231 67.12729093347785
317.2881355932203 5.730769230769231 67.91851915549252
323.3898305084746 5.730769230769231 68.14527979272022
329.4915254237288 5.730769230769231 68.35532051508767
335.59322033898303 5.730769230769231 68.50972465994731
341.6949152542373 5.730769230769231 68.63032684409235
18.305084745762713 5.884615384615385 63.2267414810391
24.406779661016948 5.884615384615385 64.4376278257273
30.508474576271183 5.884615384615385 65.40938158592694
36.610169491525426 5.884615384615385 65.7916194616397
42.71186440677966 5.884615384615385 65.31078792800069
48.813559322033896 5.884615384615385 64.40282338999502
54.91525423728813 5.884615384615385 64.29736473212627
61.01694915254237 5.884615384615385 64.6979412130436
67.11864406779661 5.884615384615385 65.29209483858888
73.22033898305085 5.884615384615385 65.60632363897693
79.32203389830508 5.884615384615385 65.25278745031505
85.42372881355932 5.884615384615385 65.06542998792482
91.52542372881355 5.884615384615385 65.3542449534357
97.62711864406779 5.884615384615385 66.30341872479873
103.72881355932203 5.884615384615385 68.21439361422483
109.83050847457626 5.884615384615385 71.1545484619746
115.9322033898305 5.884615384615385 73.87992583560397
122.03389830508473 5.884615384615385 75.75186605098385
128.135593220339 5.884615384615385 76.60061648609224
134.23728813559322 5.884615384615385 76.18099653705454
140.33898305084745 5.884615384615385 74.55225390071939
146.4406779661017 5.884615384615385 70.39053524637077
152.54237288135593 5.884615384615385 64.82234844390351
158.64406779661016 5.884615384615385 59.819023652607065
164.7457627118644 5.884615384615385 56.71023703657121
170.84745762711864 5.884615384615385 56.174614581553804
176.94915254237287 5.884615384615385 55.96223008086274
183.0508474576271 5.884615384615385 56.150139542643416
189.15254237288136 5.884615384615385 56.98381201897347
195.25423728813558 5.884615384615385 58.495404118367354
201.3559322033898 5.884615384615385 61.82289883980506
207.45762711864407 5.884615384615385 66.49911286047711
213.5593220338983 5.884615384615385 71.20244156273505
219.66101694915253 5.884615384615385 74.76870141291772
225.76271186440678 5.884615384615385 76.19987741423446
231.864406779661 5.884615384615385 76.45955371652296
237.96610169491524 5.884615384615385 74.98716382861656
244.06779661016947 5.884615384615385 72.52441420011371
250.16949152542372 5.884615384615385 70.9737433004319
256.271186440678 5.884615384615385 70.39545453019835
262.3728813559322 5.884615384615385 68.6508560024711
268.47457627118644 5.884615384615385 66.74015871439182
274.5762711864407 5.884615384615385 64.9113623308116
280.6779661016949 5.884615384615385 63.43299625648932
286.77966101694915 5.884615384615385 62.39717345266482
292.8813559322034 5.884615384615385 63.192942487013454
298.9830508474576 5.884615384615385 64.52437445056239
305.08474576271186 5.884615384615385 66.02289273560561
311.18644067796606 5.884615384615385 67.54390510303548
317.2881355932203 5.884615384615385 68.8555142503974
323.3898305084746 5.884615384615385 68.88938836423915
329.4915254237288 5.884615384615385 69.1775758292813
335.59322033898303 5.884615384615385 69.41968277384775
341.6949152542373 5.884615384615385 69.61625064946584
18.305084745762713 6.038461538461538 61.27210538411444
24.406779661016948 6.038461538461538 63.061762262892444
30.508474576271183 6.038461538461538 64.13875562270543
36.610169491525426 6.038461538461538 64.76255433782288
42.71186440677966 6.038461538461538 64.57476893199107
48.813559322033896 6.038461538461538 63.99946251057233
54.91525423728813 6.038461538461538 64.22956776759233
61.01694915254237 6.038461538461538 64.92677154390725
67.11864406779661 6.038461538461538 65.67161399097076
73.22033898305085 6.038461538461538 65.97903824993716
79.32203389830508 6.038461538461538 65.53587411710946
85.42372881355932 6.038461538461538 65.10169876188259
91.52542372881355 6.038461538461538 65.20779216868274
97.62711864406779 6.038461538461538 65.94749096013459
103.72881355932203 6.038461538461538 67.64144456324239
109.83050847457626 6.038461538461538 70.38750313636189
115.9322033898305 6.038461538461538 73.05850355719065
122.03389830508473 6.038461538461538 74.92353699816498
128.135593220339 6.038461538461538 75.82368492742528
134.23728813559322 6.038461538461538 75.3689545158517
140.33898305084745 6.038461538461538 73.97354098051208
146.4406779661017 6.038461538461538 70.63586859904498
152.54237288135593 6.038461538461538 65.11610520982492
158.64406779661016 6.038461538461538 59.92940009739267
164.7457627118644 6.038461538461538 56.708960548869356
170.84745762711864 6.038461538461538 56.3239167020514
176.94915254237287 6.038461538461538 56.48244259293483
183.0508474576271 6.038461538461538 56.79460291747084
189.15254237288136 6.038461538461538 57.68529360042661
195.25423728813558 6.038461538461538 59.20164175070313
201.3559322033898 6.038461538461538 62.521750464679045
207.45762711864407 6.038461538461538 67.2217505763937
213.5593220338983 6.038461538461538 71.71307540154466
219.66101694915253 6.038461538461538 74.48241158317575
225.76271186440678 6.038461538461538 75.36736036534869
231.864406779661 6.038461538461538 75.35975133928014
237.96610169491524 6.038461538461538 73.76291122111007
244.06779661016947 6.038461538461538 71.5191682652295
250.16949152542372 6.038461538461538 71.00958747579591
256.271186440678 6.038461538461538 70.51834194418683
262.3728813559322 6.038461538461538 68.61877194577801
268.47457627118644 6.038461538461538 66.51782846009898
274.5762711864407 6.038461538461538 64.5596603133145
280.6779661016949 6.038461538461538 62.59425060697844
286.77966101694915 6.038461538461538 61.51607182935254
292.8813559322034 6.038461538461538 62.509548911048455
298.9830508474576 6.038461538461538 64.11648780536223
305.08474576271186 6.038461538461538 65.86804566137258
311.18644067796606 6.038461538461538 68.24962401599625
317.2881355932203 6.038461538461538 69.85441506262264
323.3898305084746 6.038461538461538 69.57929427877909
329.4915254237288 6.038461538461538 69.86082573087445
335.59322033898303 6.038461538461538 70.15494639225008
341.6949152542373 6.038461538461538 70.37949666739793
18.305084745762713 6.1923076923076925 59.08170505393131
24.406779661016948 6.1923076923076925 61.740997990854765
30.508474576271183 6.1923076923076925 62.90433304929951
36.610169491525426 6.1923076923076925 63.763365282281974
42.71186440677966 6.1923076923076925 63.88194056965405
48.813559322033896 6.1923076923076925 63.63929226482222
54.91525423728813 6.1923076923076925 64.1984735458887
61.01694915254237 6.1923076923076925 65.1525663043421
67.11864406779661 6.1923076923076925 65.97949523803092
73.22033898305085 6.1923076923076925 66.27459696284441
79.32203389830508 6.1923076923076925 65.77030832098697
85.42372881355932 6.1923076923076925 65.05790218479092
91.52542372881355 6.1923076923076925 64.98205992284743
97.62711864406779 6.1923076923076925 65.5235036437603
103.72881355932203 6.1923076923076925 67.00359994061202
109.83050847457626 6.1923076923076925 69.55556223910125
115.9322033898305 6.1923076923076925 72.13513165186183
122.03389830508473 6.1923076923076925 73.97774548801398
128.135593220339 6.1923076923076925 74.7735966427672
134.23728813559322 6.1923076923076925 74.33744146155475
140.33898305084745 6.1923076923076925 73.12011037941987
146.4406779661017 6.1923076923076925 70.52879046549212
152.54237288135593 6.1923076923076925 65.48277465633326
158.64406779661016 6.1923076923076925 60.12270851216945
164.7457627118644 6.1923076923076925 56.80401806870659
170.84745762711864 6.1923076923076925 56.4765577703892
176.94915254237287 6.1923076923076925 57.04440399519218
183.0508474576271 6.1923076923076925 57.55219994362392
189.15254237288136 6.1923076923076925 58.48378859819957
195.25423728813558 6.1923076923076925 60.00488365813116
201.3559322033898 6.1923076923076925 63.315704873868995
207.45762711864407 6.1923076923076925 67.98522915860272
213.5593220338983 6.1923076923076925 72.06763731516607
219.66101694915253 6.1923076923076925 73.81968061821118
225.76271186440678 6.1923076923076925 74.31909876654422
231.864406779661 6.1923076923076925 74.06723042372725
237.96610169491524 6.1923076923076925 72.3299331027722
244.06779661016947 6.1923076923076925 70.70619466019343
250.16949152542372 6.1923076923076925 71.11654926644307
256.271186440678 6.1923076923076925 70.57827945212844
262.3728813559322 6.1923076923076925 68.5344159510469
268.47457627118644 6.1923076923076925 66.26651161657276
274.5762711864407 6.1923076923076925 64.27378291652298
280.6779661016949 6.1923076923076925 61.53832396561308
286.77966101694915 6.1923076923076925 60.560826778817415
292.8813559322034 6.1923076923076925 61.753383975734536
298.9830508474576 6.1923076923076925 63.61851996893384
305.08474576271186 6.1923076923076925 65.57443725399482
311.18644067796606 6.1923076923076925 69.06387099825923
317.2881355932203 6.1923076923076925 70.8966035898427
323.3898305084746 6.1923076923076925 70.3460427914613
329.4915254237288 6.1923076923076925 70.44062624364886
335.59322033898303 6.1923076923076925 70.72823690575774
341.6949152542373 6.1923076923076925 70.94283421263249
18.305084745762713 6.346153846153847 56.681545954060056
24.406779661016948 6.346153846153847 60.153760029040455
30.508474576271183 6.346153846153847 61.734583495784655
36.610169491525426 6.346153846153847 62.8027066452525
42.71186440677966 6.346153846153847 63.227754400801686
48.813559322033896 6.346153846153847 63.31776421255678
54.91525423728813 6.346153846153847 64.20087789443173
61.01694915254237 6.346153846153847 65.34838960435205
67.11864406779661 6.346153846153847 66.2163585703522
73.22033898305085 6.346153846153847 66.50112145117802
79.32203389830508 6.346153846153847 65.93672143653592
85.42372881355932 6.346153846153847 64.97557003779266
91.52542372881355 6.346153846153847 64.69058472007868
97.62711864406779 6.346153846153847 65.04144131845422
103.72881355932203 6.346153846153847 66.30768030904984
109.83050847457626 6.346153846153847 68.66554633290882
115.9322033898305 6.346153846153847 71.13784134128875
122.03389830508473 6.346153846153847 72.90533951109934
128.135593220339 6.346153846153847 73.47916287417293
134.23728813559322 6.346153846153847 73.10955958817362
140.33898305084745 6.346153846153847 72.04867200529665
146.4406779661017 6.346153846153847 69.9976285227356
152.54237288135593 6.346153846153847 65.75853479527491
158.64406779661016 6.346153846153847 60.388629521010486
164.7457627118644 6.346153846153847 56.985193804878406
170.84745762711864 6.346153846153847 56.662722240475986
176.94915254237287 6.346153846153847 57.62232013128619
183.0508474576271 6.346153846153847 58.38069289340041
189.15254237288136 6.346153846153847 59.369066647296776
195.25423728813558 6.346153846153847 60.89490861688343
201.3559322033898 6.346153846153847 64.19644233438316
207.45762711864407 6.346153846153847 68.7373654692159
213.5593220338983 6.346153846153847 72.16099151753484
219.66101694915253 6.346153846153847 72.87913448459243
225.76271186440678 6.346153846153847 73.07820785737401
231.864406779661 6.346153846153847 72.61263932806501
237.96610169491524 6.346153846153847 70.89247235547701
244.06779661016947 6.346153846153847 70.13709913938928
250.16949152542372 6.346153846153847 71.18608157886234
256.271186440678 6.346153846153847 70.5820936636657
262.3728813559322 6.346153846153847 68.40296166926942
268.47457627118644 6.346153846153847 66.02393077773462
274.5762711864407 6.346153846153847 63.81995388702211
280.6779661016949 6.346153846153847 60.40100217243749
286.77966101694915 6.346153846153847 59.539570067154
292.8813559322034 6.346153846153847 60.9419578497225
298.9830508474576 6.346153846153847 63.0212468310419
305.08474576271186 6.346153846153847 65.50360329279563
311.18644067796606 6.346153846153847 69.91684909393867
317.2881355932203 6.346153846153847 71.97752323047918
323.3898305084746 6.346153846153847 71.32088205675268
329.4915254237288 6.346153846153847 70.95889365381714
335.59322033898303 6.346153846153847 71.15659629486544
341.6949152542373 6.346153846153847 71.32903259991336
18.305084745762713 6.5 54.09438811652204
24.406779661016948 6.5 58.271940179257754
30.508474576271183 6.5 60.63184619554313
36.610169491525426 6.5 61.876873840933584
42.71186440677966 6.5 62.60766198524609
48.813559322033896 6.5 63.03032991358812
54.91525423728813 6.5 64.21617113997881
61.01694915254237 6.5 65.49180622169526
67.11864406779661 6.5 66.39105735837173
73.22033898305085 6.5 66.66673338841714
79.32203389830508 6.5 66.04222200099045
85.42372881355932 6.5 64.89136724438491
91.52542372881355 6.5 64.33571126147602
97.62711864406779 6.5 64.5081245469325
103.72881355932203 6.5 65.56050623127206
109.83050847457626 6.5 67.72427598050075
115.9322033898305 6.5 70.0583418535362
122.03389830508473 6.5 71.64207145112871
128.135593220339 6.5 71.98867334920138
134.23728813559322 6.5 71.70841110971821
140.33898305084745 6.5 70.80376009764754
146.4406779661017 6.5 69.16271181236847
152.54237288135593 6.5 65.8345387993035
158.64406779661016 6.5 60.71694733271124
164.7457627118644 6.5 57.2422719661803
170.84745762711864 6.5 56.92918384147001
176.94915254237287 6.5 58.16709077062073
183.0508474576271 6.5 59.25553405923329
189.15254237288136 6.5 60.33090652395021
195.25423728813558 6.5 61.86149540319193
201.3559322033898 6.5 65.15374162245357
207.45762711864407 6.5 69.40341711896808
213.5593220338983 6.5 71.82261628403567
219.66101694915253 6.5 71.73795804918261
225.76271186440678 6.5 71.66780287739098
231.864406779661 6.5 71.01909329184635
237.96610169491524 6.5 69.53786400646219
244.06779661016947 6.5 69.7457754843787
250.16949152542372 6.5 71.19729219516189
256.271186440678 6.5 70.53661118844119
262.3728813559322 6.5 68.23123571008809
268.47457627118644 6.5 65.8182971317705
274.5762711864407 6.5 62.99019017757139
280.6779661016949 6.5 59.195050013798124
286.77966101694915 6.5 58.46043346045698
292.8813559322034 6.5 60.08238478991325
298.9830508474576 6.5 62.309322957454974
305.08474576271186 6.5 65.7568650669651
311.18644067796606 6.5 70.8040017014561
317.2881355932203 6.5 73.09261738295372
323.3898305084746 6.5 72.4481743092324
329.4915254237288 6.5 71.46225968288061
335.59322033898303 6.5 71.47470902947961
341.6949152542373 6.5 71.56086114398445
18.305084745762713 6.653846153846154 51.34299157333855
24.406779661016948 6.653846153846154 56.145992873853956
30.508474576271183 6.653846153846154 59.46915664556091
36.610169491525426 6.653846153846154 60.986585018829686
42.71186440677966 6.653846153846154 62.01711488279937
48.813559322033896 6.653846153846154 62.77244092772834
54.91525423728813 6.653846153846154 64.22083907787592
61.01694915254237 6.653846153846154 65.5787937976519
67.11864406779661 6.653846153846154 66.51247078453436
73.22033898305085 6.653846153846154 66.77955444804111
79.32203389830508 6.653846153846154 66.09493168782976
85.42372881355932 6.653846153846154 64.7960385712085
91.52542372881355 6.653846153846154 63.92539689051717
97.62711864406779 6.653846153846154 63.92782565018962
103.72881355932203 6.653846153846154 64.76889826999476
109.83050847457626 6.653846153846154 66.73857174459316
115.9322033898305 6.653846153846154 68.88434523938511
122.03389830508473 6.653846153846154 70.1296945077294
128.135593220339 6.653846153846154 70.34630036306287
134.23728813559322 6.653846153846154 70.15709824019841
140.33898305084745 6.653846153846154 69.40868379893404
146.4406779661017 6.653846153846154 68.0918840932391
152.54237288135593 6.653846153846154 65.60708673155223
158.64406779661016 6.653846153846154 61.09744297674214
164.7457627118644 6.653846153846154 57.56503676140779
170.84745762711864 6.653846153846154 57.27483769865999
176.94915254237287 6.653846153846154 58.688009010852205
183.0508474576271 6.653846153846154 60.15426911750073
189.15254237288136 6.653846153846154 61.3590870043919
195.25423728813558 6.653846153846154 62.89442279328867
201.3559322033898 6.653846153846154 66.17737893404825
207.45762711864407 6.653846153846154 69.90916228182364
213.5593220338983 6.653846153846154 71.1046581578309
219.66101694915253 6.653846153846154 70.41982365225645
225.76271186440678 6.653846153846154 70.11099906614805
231.864406779661 6.653846153846154 69.31453876730029
237.96610169491524 6.653846153846154 68.3504643102138
244.06779661016947 6.653846153846154 69.47137613951564
250.16949152542372 6.653846153846154 71.15700772498425
256.271186440678 6.653846153846154 70.44865863609745
262.3728813559322 6.653846153846154 68.03479469708012
268.47457627118644 6.653846153846154 65.64281773840331
274.5762711864407 6.653846153846154 61.879571476530735
280.6779661016949 6.653846153846154 57.92859925578955
286.77966101694915 6.653846153846154 57.33154872482088
292.8813559322034 6.653846153846154 59.162432790802114
298.9830508474576 6.653846153846154 61.564795327803765
305.08474576271186 6.653846153846154 66.23671907004324
311.18644067796606 6.653846153846154 71.72077221923318
317.2881355932203 6.653846153846154 74.23732944568786
323.3898305084746 6.653846153846154 73.66926955650754
329.4915254237288 6.653846153846154 72.15804747967518
335.59322033898303 6.653846153846154 71.72233745208437
341.6949152542373 6.653846153846154 71.6610891595896
18.305084745762713 6.807692307692308 48.450116356530934
24.406779661016948 6.807692307692308 53.826422375317875
30.508474576271183 6.807692307692308 57.988452069151585
36.610169491525426 6.807692307692308 60.13418375792561
42.71186440677966 6.807692307692308 61.451564653273586
48.813559322033896 6.807692307692308 62.53954881478951
54.91525423728813 6.807692307692308 64.19136750346897
61.01694915254237 6.807692307692308 65.61825623436246
67.11864406779661 6.807692307692308 66.58919539463554
73.22033898305085 6.807692307692308 66.84770630352914
79.32203389830508 6.807692307692308 66.10297217053318
85.42372881355932 6.807692307692308 64.68031656960581
91.52542372881355 6.807692307692308 63.5297728974543
97.62711864406779 6.807692307692308 63.300825511237434
103.72881355932203 6.807692307692308 63.93967698793411
109.83050847457626 6.807692307692308 65.71525418790225
115.9322033898305 6.807692307692308 67.5994441009716
122.03389830508473 6.807692307692308 68.4140362204473
128.135593220339 6.807692307692308 68.57686519986987
134.23728813559322 6.807692307692308 68.47872319362413
140.33898305084745 6.807692307692308 67.88654532316603
146.4406779661017 6.807692307692308 66.83556766141449
152.54237288135593 6.807692307692308 65.04148520700676
158.64406779661016 6.807692307692308 61.45904188787869
164.7457627118644 6.807692307692308 57.943272399356395
170.84745762711864 6.807692307692308 57.689468020841396
176.94915254237287 6.807692307692308 59.211129945088324
183.0508474576271 6.807692307692308 61.036520429808654
189.15254237288136 6.807692307692308 62.44139157939774
195.25423728813558 6.807692307692308 63.98346956340564
201.3559322033898 6.807692307692308 67.20975334223638
207.45762711864407 6.807692307692308 70.08129865574861
213.5593220338983 6.807692307692308 70.086637961986
219.66101694915253 6.807692307692308 68.94784653336691
225.76271186440678 6.807692307692308 68.43091166319809
231.864406779661 6.807692307692308 67.5792342498033
237.96610169491524 6.807692307692308 67.4065176572336
244.06779661016947 6.807692307692308 69.25485536509835
250.16949152542372 6.807692307692308 71.072054777972
256.271186440678 6.807692307692308 70.32506261627708
262.3728813559322 6.807692307692308 67.84633272116922
268.47457627118644 6.807692307692308 65.1055456242198
274.5762711864407 6.807692307692308 60.58325853702317
280.6779661016949 6.807692307692308 56.60978166450637
286.77966101694915 6.807692307692308 56.16104762634032
292.8813559322034 6.807692307692308 58.16433517331942
298.9830508474576 6.807692307692308 61.20380686502179
305.08474576271186 6.807692307692308 66.84566179557004
311.18644067796606 6.807692307692308 72.66260404569148
317.2881355932203 6.807692307692308 75.40710281710321
323.3898305084746 6.807692307692308 74.9264697360477
329.4915254237288 6.807692307692308 73.08484990986656
335.59322033898303 6.807692307692308 71.93917872100413
341.6949152542373 6.807692307692308 71.65248596147264
18.305084745762713 6.961538461538462 45.43852249812055
24.406779661016948 6.961538461538462 51.3565138593178
30.508474576271183 6.961538461538462 56.229470383608856
36.610169491525426 6.961538461538462 59.318242129344775
42.71186440677966 6.961538461538462 60.906462856480864
48.813559322033896 6.961538461538462 62.32710513458371
54.91525423728813 6.961538461538462 64.11410771264127
61.01694915254237 6.961538461538462 65.61904690226405
67.11864406779661 6.961538461538462 66.62937247408007
73.22033898305085 6.961538461538462 66.8793106283605
79.32203389830508 6.961538461538462 66.07446512257994
85.42372881355932 6.961538461538462 64.53731049395344
91.52542372881355 6.961538461538462 63.16192348562626
97.62711864406779 6.961538461538462 62.62939495792885
103.72881355932203 6.961538461538462 63.07966294780624
109.83050847457626 6.961538461538462 64.65126020853106
115.9322033898305 6.961538461538462 66.10680973725285
122.03389830508473 6.961538461538462 66.54350610348811
128.135593220339 6.961538461538462 66.70347007363233
134.23728813559322 6.961538461538462 66.69638818400531
140.33898305084745 6.961538461538462 66.26044688435348
146.4406779661017 6.961538461538462 65.4501642606737
152.54237288135593 6.961538461538462 64.22773831697472
158.64406779661016 6.961538461538462 61.66984007854946
164.7457627118644 6.961538461538462 58.36676308882157
170.84745762711864 6.961538461538462 58.162859016809755
176.94915254237287 6.961538461538462 59.76140913805064
183.0508474576271 6.961538461538462 61.84657572347166
189.15254237288136 6.961538461538462 63.55336097609127
195.25423728813558 6.961538461538462 65.11841448977488
201.3559322033898 6.961538461538462 68.1518085278551
207.45762711864407 6.961538461538462 69.79272436410474
213.5593220338983 6.961538461538462 68.85352121810743
219.66101694915253 6.961538461538462 67.3451419320669
225.76271186440678 6.961538461538462 66.65065590809404
231.864406779661 6.961538461538462 65.90146234898218
237.96610169491524 6.961538461538462 66.67964343773404
244.06779661016947 6.961538461538462 69.03915469833478
250.16949152542372 6.961538461538462 70.94925996376767
256.271186440678 6.961538461538462 70.17264973862254
262.3728813559322 6.961538461538462 67.69406969125743
268.47457627118644 6.961538461538462 64.16396867576454
274.5762711864407 6.961538461538462 59.19009622758735
280.6779661016949 6.961538461538462 55.2467290060432
286.77966101694915 6.961538461538462 54.95706193110992
292.8813559322034 6.961538461538462 57.07274650323375
298.9830508474576 6.961538461538462 61.19196983702549
305.08474576271186 6.961538461538462 67.50251830912717
311.18644067796606 6.961538461538462 73.62494057925258
317.2881355932203 6.961538461538462 76.59738089562138
323.3898305084746 6.961538461538462 76.20421724897867
329.4915254237288 6.961538461538462 74.18452156996493
335.59322033898303 6.961538461538462 72.21450388883778
341.6949152542373 6.961538461538462 71.55782086437749
18.305084745762713 7.115384615384616 42.330970030128675
24.406779661016948 7.115384615384616 48.76927531900266
30.508474576271183 7.115384615384616 54.26188654415067
36.610169491525426 7.115384615384616 58.298511073187534
42.71186440677966 7.115384615384616 60.37726105223327
48.813559322033896 7.115384615384616 62.11776682049856
54.91525423728813 7.115384615384616 64.00354223720744
61.01694915254237 7.115384615384616 65.59169096433442
67.11864406779661 7.115384615384616 66.64154204205474
73.22033898305085 7.115384615384616 66.88248909601447
79.32203389830508 7.115384615384616 66.01753221744929
85.42372881355932 7.115384615384616 64.38136890067142
91.52542372881355 7.115384615384616 62.81303844983152
97.62711864406779 7.115384615384616 61.94284451931911
103.72881355932203 7.115384615384616 62.19567671232733
109.83050847457626 7.115384615384616 63.514347668799196
115.9322033898305 7.115384615384616 64.40505017557591
122.03389830508473 7.115384615384616 64.62280529406743
128.135593220339 7.115384615384616 64.75326244638619
134.23728813559322 7.115384615384616 64.8331954253518
140.33898305084745 7.115384615384616 64.55349069650626
146.4406779661017 7.115384615384616 64.0238868464559
152.54237288135593 7.115384615384616 63.221250123559955
158.64406779661016 7.115384615384616 61.62849477695041
164.7457627118644 7.115384615384616 58.825293038598865
170.84745762711864 7.115384615384616 58.68476448878455
176.94915254237287 7.115384615384616 60.330129808481004
183.0508474576271 7.115384615384616 62.60555548999039
189.15254237288136 7.115384615384616 64.67169933430978
195.25423728813558 7.115384615384616 66.28903634862834
201.3559322033898 7.115384615384616 68.9185864206231
207.45762711864407 7.115384615384616 69.12622306836933
213.5593220338983 7.115384615384616 67.50021475307327
219.66101694915253 7.115384615384616 65.63482508790929
225.76271186440678 7.115384615384616 64.7933470403888
231.864406779661 7.115384615384616 64.38072582330813
237.96610169491524 7.115384615384616 66.10708943758345
244.06779661016947 7.115384615384616 68.81815281795525
250.16949152542372 7.115384615384616 70.79544989201383
256.271186440678 7.115384615384616 69.99824661277648
262.3728813559322 7.115384615384616 67.44888422607926
268.47457627118644 7.115384615384616 62.92325849448784
274.5762711864407 7.115384615384616 57.71489871564282
280.6779661016949 7.115384615384616 53.84757304649464
286.77966101694915 7.115384615384616 53.72772340522426
292.8813559322034 7.115384615384616 56.1429049154232
298.9830508474576 7.115384615384616 61.42413359585569
305.08474576271186 7.115384615384616 68.22628511645313
311.18644067796606 7.115384615384616 74.60322521833812
317.2881355932203 7.115384615384616 77.80360707966398
323.3898305084746 7.115384615384616 77.50080095243105
329.4915254237288 7.115384615384616 75.3659520701173
335.59322033898303 7.115384615384616 72.7696749663489
341.6949152542373 7.115384615384616 71.40227798785392
18.305084745762713 7.269230769230769 39.15021898457669
24.406779661016948 7.269230769230769 46.10036955496227
30.508474576271183 7.269230769230769 52.198140403686125
36.610169491525426 7.269230769230769 56.97660293961212
42.71186440677966 7.269230769230769 59.85992649618225
48.813559322033896 7.269230769230769 61.871219493305134
54.91525423728813 7.269230769230769 63.87077050253558
61.01694915254237 7.269230769230769 65.54724326657312
67.11864406779661 7.269230769230769 66.6351558449527
73.22033898305085 7.269230769230769 66.8653633799703
79.32203389830508 7.269230769230769 65.94268920290556
85.42372881355932 7.269230769230769 64.23801530193344
91.52542372881355 7.269230769230769 62.489431415930866
97.62711864406779 7.269230769230769 61.31759204195854
103.72881355932203 7.269230769230769 61.29453884421347
109.83050847457626 7.269230769230769 62.26599770110828
115.9322033898305 7.269230769230769 62.63690763497323
122.03389830508473 7.269230769230769 62.74002568559183
128.135593220339 7.269230769230769 62.790639699210274
134.23728813559322 7.269230769230769 62.912247131673524
140.33898305084745 7.269230769230769 62.80666646602471
146.4406779661017 7.269230769230769 62.624152978799316
152.54237288135593 7.269230769230769 62.22051633369566
158.64406779661016 7.269230769230769 61.32201127833234
164.7457627118644 7.269230769230769 59.30864645748374
170.84745762711864 7.269230769230769 59.209753487402565
176.94915254237287 7.269230769230769 60.86978676673082
183.0508474576271 7.269230769230769 63.31689552610807
189.15254237288136 7.269230769230769 65.721125182844
195.25423728813558 7.269230769230769 67.48511391619802
201.3559322033898 7.269230769230769 69.24708664718429
207.45762711864407 7.269230769230769 68.31175364176129
213.5593220338983 7.269230769230769 66.07426969715027
219.66101694915253 7.269230769230769 63.844630419153724
225.76271186440678 7.269230769230769 62.88210029963534
231.864406779661 7.269230769230769 63.15174348809319
237.96610169491524 7.269230769230769 65.60390506218775
244.06779661016947 7.269230769230769 68.6339991065713
250.16949152542372 7.269230769230769 70.63109188250776
256.271186440678 7.269230769230769 69.8086798483814
262.3728813559322 7.269230769230769 66.70848253336692
268.47457627118644 7.269230769230769 61.520348122762385
274.5762711864407 7.269230769230769 56.12596378418081
280.6779661016949 7.269230769230769 52.41390662243168
286.77966101694915 7.269230769230769 52.481107635812414
292.8813559322034 7.269230769230769 55.67903523417934
298.9830508474576 7.269230769230769 61.82221458336568
305.08474576271186 7.269230769230769 69.07390885437925
311.18644067796606 7.269230769230769 75.59450047918995
317.2881355932203 7.269230769230769 79.02122476765257
323.3898305084746 7.269230769230769 78.81332940710624
329.4915254237288 7.269230769230769 76.5465851880174
335.59322033898303 7.269230769230769 73.5419971162778
341.6949152542373 7.269230769230769 71.24048737185115
18.305084745762713 7.423076923076923 35.92662590229607
24.406779661016948 7.423076923076923 43.38551666109592
30.508474576271183 7.423076923076923 50.080361064388086
36.610169491525426 7.423076923076923 55.54420026938406
42.71186440677966 7.423076923076923 59.31007263193125
48.813559322033896 7.423076923076923 61.596570557957634
54.91525423728813 7.423076923076923 63.731198454704845
61.01694915254237 7.423076923076923 65.49505896175253
67.11864406779661 7.423076923076923 66.61956965878832
73.22033898305085 7.423076923076923 66.83614812549983
79.32203389830508 7.423076923076923 65.88882692113413
85.42372881355932 7.423076923076923 64.13287293827293
91.52542372881355 7.423076923076923 62.215641613565275
97.62711864406779 7.423076923076923 60.757787444071916
103.72881355932203 7.423076923076923 60.38000777830104
109.83050847457626 7.423076923076923 60.878590004194585
115.9322033898305 7.423076923076923 61.01451712738807
122.03389830508473 7.423076923076923 60.95794081833511
128.135593220339 7.423076923076923 60.88150855259636
134.23728813559322 7.423076923076923 60.956645516980394
140.33898305084745 7.423076923076923 61.100086128803476
146.4406779661017 7.423076923076923 61.313808212604854
152.54237288135593 7.423076923076923 61.35760769685682
158.64406779661016 7.423076923076923 60.9607290866677
164.7457627118644 7.423076923076923 59.80660755427174
170.84745762711864 7.423076923076923 59.66963556793473
176.94915254237287 7.423076923076923 61.33075720297897
183.0508474576271 7.423076923076923 63.935969436308284
189.15254237288136 7.423076923076923 66.65495503250489
195.25423728813558 7.423076923076923 68.69642596871596
201.3559322033898 7.423076923076923 69.27602853637678
207.45762711864407 7.423076923076923 67.47246412263397
213.5593220338983 7.423076923076923 64.61718913735363
219.66101694915253 7.423076923076923 62.016848775410914
225.76271186440678 7.423076923076923 60.94155376743602
231.864406779661 7.423076923076923 62.1172653995884
237.96610169491524 7.423076923076923 65.18723515889921
244.06779661016947 7.423076923076923 68.53049488258296
250.16949152542372 7.423076923076923 70.53612415704345
256.271186440678 7.423076923076923 69.6200848138474
262.3728813559322 7.423076923076923 65.65837937961425
268.47457627118644 7.423076923076923 59.94921563907909
274.5762711864407 7.423076923076923 54.390936743591745
280.6779661016949 7.423076923076923 50.872119797961744
286.77966101694915 7.423076923076923 51.21288823791046
292.8813559322034 7.423076923076923 55.521238006113784
298.9830508474576 7.423076923076923 62.43150348922193
305.08474576271186 7.423076923076923 70.10240749507473
311.18644067796606 7.423076923076923 76.69433245564201
317.2881355932203 7.423076923076923 80.24836060295391
323.3898305084746 7.423076923076923 80.13716925613839
329.4915254237288 7.423076923076923 77.7207420422815
335.59322033898303 7.423076923076923 74.31720917294625
341.6949152542373 7.423076923076923 71.2447008596956
